PairID,Text,Score
HIN-test-00371,"""दोस्त के रूप में हम लोगों की अनौपचारिक मुलाकात थी।""
""जिसमें प्रियंका चोपड़ा और उनके दोस्त कुकीज को सजा रहे हैं।""",0.37
HIN-dev-00023,"""ट्रैक्टर के नीचे दबने से मासूम की मौत""
""बिल्हौर थाना क्षेत्र में खेल-खेल मेंट्रैक्टर पर चढ़ा मासूम गिर गया और दबने से उसकी मौत हो गई।""",0.72
HIN-test-00830,"""अब 11 सितंबर से पार्टी के संगठन चुनाव की प्रक्रिया शुरू होगी।""
""पहले भारत की छवि एक विकासशील लोकतांत्रिक देश की थी पर अब वो छवि खराब हुई है।""",0.37
HIN-test-00038,"""आरोपी युवक की तलाश में पुलिस जगह-जगह दबिंश दे रही है।""
""घटना गुरुवार सुबह 5 बजे की बताई जा रही है।""",0.25
HIN-test-00399,"""क्या आप समझा सकते हैं कि आपको क्यों लगता है कि वह मूर्ख है?""
""क्या आप बता सकते हैं कि आप क्यों मानते हैं कि वह बहुत चतुर नहीं है?""",0.75
HIN-dev-00171,"""इसके बाद संप्रग की मनमोहन सिंह सरकार ने लोकपाल से संबंधित विधेयक संसद में रखा और उसे पारित करवाया था।""
""राज्यसभा में आरटीआई विधेयक को समर्थन देने का सवाल ही नहीं।""",0.48
HIN-test-00779,"""अंतिम समय में, बुश ने अपने भाषण में यह कहते हुए एक वाक्यांश वापस ले लिया कि अभियान ""समय से पहले"" था।""
""अंत में, बुश ने अपने भाषण में एक निश्चित बात न कहने का निर्णय लिया क्योंकि उन्हें लगा कि इस बारे में बात करना अभी जल्दबाजी होगी।""",0.67
HIN-dev-00135,"""जांच के बाद जब पत्नी को बीमारी का पता चला तो उसके होश उड गए।""
""चिल्लाने की आवाज सुनकर आस-पास के लोग आ गए और उसे संभाला और अस्पताल ले गए।""",0.41
HIN-test-00188,"""अर्शी कहती हैं, ""मुझे लगता है कि करण एक मेजबान के रूप में काफी निष्पक्ष हैं।""
""दिव्या किसी का सम्मान करना नहीं जानतीं।""",0.23
HIN-test-00730,"""उनकी 14 दिन की फर्लो 24 दिसंबर से शुरू हुई थी।""
""रियलिटी शो 'बिग बॉस 10' रविवार यानि 16 अक्टूबर से शुरू हो रहा है।""",0.22
HIN-test-00019,"""राजनीतिक दलों के प्रमुखों को सीआइसी का नया नोटिस""
""केंद्रीय सूचना आयोग (सीआइसी) ने सभी छह राष्ट्रीय दलों के प्रमुखों को नए नोटिस जारी किए हैं।""",0.74
HIN-test-00711,"""वहीं दूसरी ओर विपक्ष केंद्र सरकार के इस फैसले का पुरजोर विरोध कर रहा है।""
""जेटली ने कहा कि सरकार कृषि क्षेत्र की उत्पादकता बढ़ाने पर भी जोर देगी।""",0.48
HIN-dev-00224,"""ओह, क्या यह तुम्हारा है? जल्दी करो और चिल्लाओ कि डियाओयू द्वीप तुम्हारा है!""
""अरे ये तुम्हारा है या उसका? जल्दी करो और कहो, चिल्लाओ, जल्दी करो और चिल्लाओ कि डियाओयू द्वीप तुम्हारा है!""",0.92
HIN-test-00847,"""इसके लिए राष्ट्रीय बी बोर्ड ने शहद मिशन की शुरुआत की है।""
""तीनों को बुरी तरह पीटकर अधमरा करने के बाद छोड दिया था।""",0.16
HIN-test-00370,"""हालांकि पुलिस ने मामले का पर्दाफाश करते हुए चार बदमाशों को धर दबोचा था।""
""जोली ने 19 सितम्बर को आपसी मतभेदों का हवाला देते हुए पिट से तलाक के लिए अर्जी दाखिल किया।""",0.12
HIN-dev-00285,"""देश में हर साल 10 फरवरी को कृमि दिवस मनाया जाता है।""
""मैथ्यू हेडन के नाम है सबसे बडा स्कोर, देखें टॉप-10""",0.05
HIN-dev-00113,"""इस मेकिंग वीडियो में उनके फिल्म में को-स्टार बने बाल कलाकार पर मुख्य रूप से फोकस किया गया है।""
""हाल ही में उन्होंने मां और भाई के साथ मस्ती करते हुए वीडियो शेयर किया था।""",0.48
HIN-test-00807,"""भारत के लिए अच्छी बात यह रही थी कि उन्होंने अंतिम ओवरों में ऑस्ट्रेलिया को एक और विकेट नहीं दिया।""
""35 साल के मलिंगा ने अपना पिछला वनडे मैच में सितंबर 2017 में भारत के खिलाफ खेला था।""",0.31
HIN-dev-00041,"""इस मामले में पुलिस ने मामला दर्ज कर दोनों आरोपियों की तलाश शुरू कर दी है।""
""नशीला पदार्थ खिलाकर एक युवती से दुष्कर्म करने का सनसनीखेज मामला सामने आया है।""",0.44
HIN-dev-00172,"""इतना ही नहीं समिति मानती है कि देश डिजिटल अर्थव्यवस्था बनने की ओर अग्रसर है।""
""इस दिशा में विश्व का नेतृत्व यदि करना है तो डाटा सुरक्षा के पुख्ता उपाय करने होंगे।""",0.58
HIN-dev-00170,"""तुर्की के इस्तांबुल शहर में सैंटा क्लॉज की ड्रेस में बंदूकधारियों ने नाइट क्लब में हमला कर दिया।""
""इस घटना में 39 लोगों की मौत हो गई, जबकि 40 लोग घायल हुए हैं।""",0.53
HIN-test-00500,"""नई शिक्षा नीति भारत को बनाएगी शिक्षा का वैश्विक गंतव्य : रमेश पोखरियाल निशंक""
""आईआईटी खड़गपुर पूर्व छात्र फाउंडेशन इंडिया ने आईआईटी खड़गपुर के साथ मिलकर एक वेबिनार का आयोजन किया।""",0.38
HIN-dev-00227,"""इस दौरान उसकी मुलाकात आरोपी डॉक्टर राहुल डंडोर से हुई थी।""
""आरोपी की पहचान दिल्ली के राजौरी गार्डन निवासी अमित भटनागर के रूप में हुई है।""",0.3
HIN-dev-00083,"""निराशाजनक पूर्वानुमान के बावजूद दक्षिण कोरिया ने इस साल अब तक 71 मिलियन डॉलर का व्यापार अधिशेष दर्ज किया है।""
""भले ही मौसम की रिपोर्ट अच्छी नहीं थी, दक्षिण कोरिया ने व्यापार से इस वर्ष खर्च की तुलना में 71 मिलियन डॉलर अधिक कमाए हैं।""",0.84
HIN-dev-00188,"""कीमत आसमान पर, लोग जमीन पर, विदेश टूर पैकेज हुए महंगे""
""हवाई महंगा होता जा रहा है और लोगों के विदेश घूमने के अरमानों पर पानी पड़ता जा रहा है।""",0.77
HIN-test-00900,"""प्रदेश के विद्यालयों में अब बच्चों को मिलेगा अन्नपूर्णा दूध""
""राज्य के राजकीय विद्यालयों में अध्ययनरत विद्यार्थियों के लिए 2 जुलाई से अन्नपूर्णा दूध योजना शुरू की जाएगी।""",0.79
HIN-test-00129,"""अंतर्राष्ट्रीय सामरिक अध्ययन संस्था के वरिष्ठ साथी मार्क फिट्ज़पैट्रिक ने कहा कि -""
""इंटरनेशनल इंस्टीट्यूट फॉर स्ट्रैटेजिक स्टडीज के सीनियर फेलो मार्क फिट्ज़पैट्रिक ने कहा:""",0.79
HIN-test-00625,"""अनुष्का की आलोचना पर, इन स्टार्स का करारा जवाब आगे की स्लाइड पर पढें""
""आयात महंगा होने पर तेल की कीमतों पर असर पड़ेगा।""",0.12
HIN-test-00818,"""कांग्रेस के सभी प्रदेश इकाइयों के अध्यक्षों और कोषाध्यक्षों की आज बैठक बुलाई गई है।""
""इसमें आगामी विधानसभा चुनावों और लोकसभा चुनाव के लिए वित्तीय इंतजामों के संदर्भ में चर्चा हो सकती है।""",0.69
HIN-dev-00256,"""भारतीय कप्तान विराट कोहली इंग्लैंड के खिलाफ खेलेंगे 24वां वनडे और...""
""भारत और इंग्लैंड के बीच 15 जनवरी से तीन मैच की वनडे सीरीज शुरू होने जा रही है।""",0.48
HIN-test-00657,"""उनके साथ समय व्यतीत करना बहुत अच्छा लगा।""
""प्रियंका कुछ समय पहले इंडिया में अपनी आने वाली फिल्म द व्हाइट टाइगर की शूटिंग कर रही थीं।""",0.21
HIN-test-00875,"""पहले खबर आ रही थी कि इस बार अमिताभ इस शो को होस्ट नहीं करेंगे।""
""कयास लगाए जा रहे थे कि अमिताभ की बहूरानी ऐश्वर्या राय बच्चन इस शो को होस्ट कर सकती हैं।""",0.63
HIN-test-00477,"""अंतर्राष्ट्रीय परमाणु ऊर्जा संस्था ने योजना घोषणा की कि-""
""(लोगों का एक समूह जो यह सुनिश्चित करता है कि देश परमाणु ऊर्जा का सुरक्षित रूप से उपयोग करें) ने कहा कि उनके पास एक योजना है।""",0.67
HIN-test-00143,"""अफ्रीका की चाड ढील के एक द्वीप पर आज तीन आत्घाती विस्फोट हुए।""
""इन आत्घाती विस्फोटों में 27 लोगों के मारे जाने की खबर है और 80 लोग घायल हो गए है।""",0.81
HIN-test-00025,"""दिमित्री मेदवेदेव ने अधिकारियों के वेतन बढ़ाने का वादा किया।""
""दिमित्री मेदवेदेव ने कहा कि वह सरकार के लिए काम करने वाले लोगों को अधिक पैसा देंगे।""",0.69
HIN-test-00781,"""वहीं आरोपी के खिलाफ कई मामले दर्ज हैं।""
""आग लगाई जाने के कारण आरोपी बुरी तरह झुलस गया और उसे उपचार के लिए अस्पताल में भर्ती करवाया गया।""",0.42
HIN-test-00583,"""आप अपनी धरती को बचाने की हर संभव कोशिश कीजिए।""
""9727294294 पर मिस्ड कॉल भाजपा में शामिल होते हुए बंगाल की आत्मा को बचाने की कोशिश में सहभागी बनें।""",0.31
HIN-dev-00251,"""मां से लेकर कपूर साहब तक, रणबीर हमेशा मेरे साथ रहे।""
""इसके कलाकारों में वरूण, आलिया भट्ट, माधुरी दीक्षित, सोनाक्षी सिन्हा, संजय दत्त, आदित्य रॉय कपूर और कुणाल केम्मु शामिल हैं।""",0.39
HIN-test-00069,"""पुलिस का मानना है कि शादी पूर्व मां बनने के कारण युवती ने नवजात की गला दबाकर हत्या कर दी।""
""जवाहर सर्किल इलाके में बाइक सवार बदमाश झपट्टा मारकर एक युवती से मोबाइल छीनकर ले गए।""",0.35
HIN-test-00632,"""सानिया ने क्वालिफिकेशन दौर में कुल 71 अंक हासिल कर तीसरा स्थान प्राप्त किया था।""
""हमलावरों ने सौ से अधिक लोगों को बंधक बनाकर रखा था जिन्हें बाद में सकुशल छुड़ा लिया गया।""",0.13
HIN-test-00250,"""चीन की कोशिश आखिरी समय तक चली, लेकिन वह नाकामयाब रही।""
""एमएसपी के सहारे उत्पादन व उत्पादकता बढ़ाने में मदद मिल रही है।""",0.29
HIN-dev-00277,"""जम्मू एवं कश्मीर : शुक्रवार से बारिश, बर्फबारी की संभावना""
""जम्मू एवं कश्मीर में बीती रात छाए बादलों से बुधवार को न्यूनतम तापमान में काफी सुधार हुआ।""",0.7
HIN-test-00537,"""लॉकडाउन पर ऐलान से पहले बाजार में गिरावट, निफ्टी 9000 से नीचे बंद""
""लॉकडाउन पर सरकार के ऐलान से पहले शेयर बाजार में आज गिरावट देखने को मिली है।""",0.75
HIN-test-00470,"""इसी तरह पोलैंड छठे स्थान है, जबकि चिली सातवें और कम्बोडिया आठवें स्थान पर है।""
""फ्रांस की टीम नौवें और बेल्जियम 10वें क्रम पर है।""",0.79
HIN-test-00027,"""एयरलाइन कंपनी गोएयर 999 रुपये में फ्लाइट टिकट का ऑफर लेकर आई है।""
""कंपनी ने इसे आरई/डब्ल्यूडी 125 मोटरसाइकल से प्रेरित होकर तैयार किया है।""",0.31
HIN-test-00395,"""जीवित बचे पांच श्रमिकों में से चार को एस्बेस्टस से संबंधित बीमारियां हैं, जिनमें से तीन को हाल ही में कैंसर का पता चला है।""
""प्रत्येक पाँच श्रमिक जो अभी भी जीवित हैं, उनमें से चार एस्बेस्टस के कारण बीमार हो गए हैं, और उनमें से तीन लोगों को अभी पता चला है कि उन्हें कैंसर है।""",0.81
HIN-test-00905,"""रूसी संघ (आरयू); चीन (सीएन); में इंडिया); अफगानिस्तान (एएफ)""
""रशियन फ़ेडरेशन नामक देश का नाम है। चीन नामक दूसरे देश का नाम है। एक देश का नाम है जिसे भारत कहा जाता है। एएफ अफगानिस्तान नामक देश का नाम है।""",0.77
HIN-test-00093,"""जुलाई में, पर्यावरण संरक्षण एजेंसी ने ऐस्बेस्टस के लगभग सभी उपयोगों पर धीरे-धीरे प्रतिबंध लगा दिया।""
""जुलाई में, पर्यावरण संरक्षण एजेंसी नामक एक समूह ने एक नियम बनाया जिसमें कहा गया कि अब हम लगभग किसी भी चीज़ के लिए एस्बेस्टस का उपयोग नहीं कर सकते।""",0.8
HIN-test-00670,"""पुलिस ने बताया कि दातारामगढ सीकर निवासी 38 वर्षीय महिला ने इस्तगासे के जरिए रिपोर्ट दर्ज कराई है।""
""जिला पुलिस प्रमुख आझम ओथम के हवाले से मीडिया ने बताया कि इस शर्मनाक घटना मे 38 लोग शामिल थे।""",0.35
HIN-dev-00260,"""आलोचना करने वाले ज्यादातर लोग तथ्यों से अवगत नहीं हैं।""
""या तो उन्हें राजनीतिक और सैन्य कारणों की समझ नहीं है या वे राजनीतिक पूर्वाग्रहों से ग्रस्त है।""",0.61
HIN-dev-00014,"""पिछले महीने भारत में खेले गए महिला टी20 विश्व कप में इंग्लैंड सेमीफाइनल में ऑस्ट्रेलिया के हाथों हार गई थी।""
""ऑस्ट्रेलिया में कदम रखने के बाद टीम इंडिया के खिलाड़ियों को 14 दिन के क्वारंटाइन में रहना पड़ेगा।""",0.3
HIN-dev-00112,"""समारोह की अध्यक्षता प्रसिद्ध साहित्यकार एवं राजस्थान संस्कृत अकादमी के भूतपूर्व अध्यक्ष देवर्षि पं. कलानाथ शास्त्री करेंगे।""
""अब हम देखेंगे टी20 में सर्वाधिक कप्तानी करने वाले 5 और क्रिकेटर्स का प्रदर्शन :-""",0.12
HIN-dev-00252,"""नाटो यह नहीं कह सकता कि नाटो उस वेब की रक्षा नहीं करेगा जिसकी सभी को आवश्यकता है।""
""नाटो का कहना है कि वह उस इंटरनेट की सुरक्षा करेगा जिसका इस्तेमाल हर कोई करता है.""",0.98
HIN-test-00649,"""क्रिकेट की खबरों के लिए यहां क्लिक करें खेल की खबरों के लिए यहां क्लिक करें""
""इसके बाद अनुभव व उसके दोस्तों ने उसके साथ मारपीट की और फिर सामूहिक दुष्कर्म किया।""",0.12
HIN-test-00495,"""साथ ही कंपनी एक अरब डॉलर की अतिरिक्त राशि जुटाने के लिए बातचीत के दौर में है।""
""उन्हें तीन वर्ष पहले ही कंपनी के सीईओ पद पर नियुक्त किया गया था।""",0.37
HIN-test-00071,"""पुलिस ने शिकायतकर्ता और कथित पीडिता दोनों को ढूंढ निकाला है।""
""पुलिस के अनुसार इन्होंने हत्या के बाद सबूत मिटाने में आरोपी की मदद की।""",0.47
HIN-dev-00286,"""पाक के सरकारी प्रवक्ता का ट्विटर खाता बंद,यहां जानें""
""माइक्रो-ब्लॉगिंग साइट ट्विटर ने पाकिस्तान के विदेश मंत्रालय के प्रवक्ता मोहम्मद फैसल का ट्विटर खाता निलंबित कर दिया है।""",0.75
HIN-dev-00128,"""उत्तर कोरिया ने मंगलवार को मिसाइल परीक्षण किया।""
""यह मिसाइल जापान के होक्काइदो द्वीप के प्रशांत सागर में जा गिरी।""",0.75
HIN-test-00420,"""पिछले वर्ष दिसंबर में पुलिस ने नागपुर हवाई अड्डे से तीन युवकों को गिरफ्तार किया था।""
""इन युवकों ने आईएस में शामिल होने का मन बनाया था।""",0.56
HIN-test-00401,"""सेंसेक्स 294.84 प्वाइंट घटकर 37290.67 पर बंद हुआ जबकि निफ्टी 98.85 प्वाइंट की गिरावट के साथ 11278.90 पर बंद हुआ।""
""इस हफ्ते 4 दिन ही कारोबार होगा, शुक्रवार को ‘महाराष्ट्र दिवस’ पर बाजार बंद रहेंगे।""",0.42
HIN-dev-00017,"""अप्रैल में सोने का आयात करीब 89 प्रतिशत बढ़कर 100 टन से अधिक रहने का अनुमान है।""
""सोने की कीमतों में मंगलवार को उछाल दर्ज किया गया है।""",0.58
HIN-test-00342,"""पार्टी में आपने दिया ही नहीं, देश में आप क्या देंगे।""
""पहले अपनी पार्टी में दें, उसके बाद देश में देने की बात करें।""",0.75
HIN-dev-00206,"""उस पर विभिन्न धाराओं के तहत जुर्माना व अन्य सजाएं भी तय की गई हैं।""
""इसके साथ ही छत्तीसगढ़ से रेल व हवाई सेवा पर भी पूर्ण प्रतिबंध रहेगा।""",0.3
HIN-dev-00228,"""पाकिस्तान के कराची शहर में गुस्साई भी़ड ने दो चोरों को पीट-पीटकर अधमरा कर आग लगा दी।""
""उनमें से एक की मौत हो गई।""",0.52
HIN-test-00682,"""पुलिस के अनुसार, मोहम्मद दिलशाद की पत्नी के कई साल से साबिर से अवैध संबंध थे।""
""आरोपी फिलहाल पुलिस हिरासत में है।""",0.43
HIN-test-00249,"""मैं इसे पूरी तरह से नष्ट करना चाहता हूं।""
""पूरी तरह से मरने से पहले मैं इसे नष्ट करना चाहता हूं।""",0.82
HIN-test-00180,"""उनके पास अपनी ही पार्टी के मौजूदा अध्यक्ष के खिलाफ दौड़ने की कोशिश न करने की पर्याप्त समझ है..""
""उनके पास अपनी ही पार्टी के राष्ट्रपति के खिलाफ स्थिर दौड़ने की कोशिश न करने की निरंतरता समझ में आती है..""",0.63
HIN-test-00598,"""भारत ने कोरोना की दो वैक्‍सीन को भी मंजूरी दे दी है।""
""ऐसे में आने वाले दिनों में कोरोना के मामले और कम होंगे।""",0.7
HIN-test-00544,"""इसी साल जून में कोलकाता के कपड़ा व्यापारी निखिल जैन से उन्होंने तुर्की में शादी की थी।""
""यहां उन्होंने ऐश्वर्या के किरदार को सराहते हुए ,'ऐश्वर्या का किरदार अच्छा है।""",0.25
HIN-test-00575,"""माना जाता है कि इजरायल के पास परमाणु हथियारों का भंडार है।""
""कुछ लोग सोचते हैं कि इज़राइल के पास बहुत शक्तिशाली हथियारों का संग्रह है जिन्हें परमाणु हथियार कहा जाता है।""",0.74
HIN-test-00020,"""उनके 2 बच्चे हैं, एक उनकी शादी से और एक पिछले रिश्ते से।""
""उनके 2 बच्चों में से एक ही उनकी शादी से है।""",0.79
HIN-test-00662,"""संयुक्त राज्य अमेरिका और अमेरिका के सहयोगियों का मानना है कि ईरान परमाणु हथियारों का पीछा कर रहा है।""
""संयुक्त राज्य अमेरिका और उसके मित्र सोचते हैं कि ईरान वास्तव में शक्तिशाली और खतरनाक हथियार बनाना चाहता है जो परमाणु ऊर्जा का उपयोग करते हैं।""",0.85
HIN-test-00849,"""वहीं, पत्नी को प्रताडित करने का केस दर्ज कर जेल भेज दिया है।""
""दृष्टिहीन मुस्लिम ल़डकी को कंठस्थ है श्रीभागवत गीता""",0.15
HIN-test-00618,"""इस प्रकोष्ठ ने काम करना शुरू भी कर दिया है।""
""पुलिस ने महिला को अस्पताल में भर्ती कराया और मामले की जांच शुरू की।""",0.35
HIN-test-00910,"""राष्ट्रीय अध्यक्ष व गृहमंत्री अमित शाह नई दिल्ली में नेतृत्व करेंगे।""
""अब समालखा में जनक्रांति रैली के लिए भी पानीपत व करनाल के कार्यकर्ताओं को हुड्डा ने दिल्ली ही बुलाया।""",0.44
HIN-test-00719,"""वह कारख़ाना, जिसका स्वामित्व हॉलिंग्सवर्थ एंड वोस कंपनी के पास है, सिगरेट फिल्टर बनाने के लिए लॉरिलार्ड के साथ अनुबंध के तहत था।""
""हॉलिंग्सवर्थ एंड वोस कंपनी की फैक्ट्री ने लॉरिलार्ड के साथ उनकी सिगरेट के लिए फिल्टर बनाने का सौदा किया था।""",0.93
HIN-test-00430,"""महिलाओं पर टिप्पणी करके फंसे कुमार विश्वास, एफआईआर दर्ज""
""कॉमेडियन कपिल शर्मा एक बार फिर मुसीबत में फंसते नजर आ रह है।""",0.42
HIN-test-00708,"""सोमवार को अपर पुलिस अधीक्षक के आदेश के बाद थाने की पुलिस ने केस दर्ज करने की जहमत ऊठाई।""
""परेशान होकर पीडिता ने ससुर के खिलाफ दुष्कर्म किए जाने का मामला दर्ज कराया।""",0.29
HIN-test-00890,"""सर्वे में 20 से अधिक उद्योगों से 1,050 कंपनियों के आंकड़ों का विश्लेषण किया गया।""
""पटना हाईकोर्ट में जज के रूप में अतिरिक्त जस्टिस अरुण कुमार को प्रोन्नत किया गया है।""",0.24
HIN-test-00259,"""दोनों किसानों पर लाखों रुपये का कर्ज था।""
""ताजा मामला मध्य प्रदेश के नरसिंहपुर और होशंगाबाद का है।""",0.29
HIN-dev-00045,"""बता दें कि माधवन की आने वाली फिल्म तमिल है जिसका शीर्षक विक्रम वेदा है।""
""फिल्म में अपने लुक के लिए माधवन ने तैयारी कर दी है।""",0.75
HIN-test-00586,"""केंद्र सरकार ने हज यात्रा के लिए आवेदन प्रक्रिया को डिजिटल बना दिया है।""
""इसके लिए अल्पसंख्यक मामलों के राज्य मंत्री मुख्तार अब्बास नकवी ने सोमवार को मोबाइल एप लांच किया।""",0.67
HIN-test-00354,"""आज इस्राएल ने अपने दो सैनिकों में से एक को दफनाया, जिन्हे कल फिलीस्तीनियों की भीड़ ने पीटकर मार डाला।""
""आज इसराइल ने अपने दो सैनिकों में से एक को दफना दिया, जिन्हे कल फ़िलिस्तीनियों की भीड़ ने पीटकर मार डाला।""",0.73
HIN-test-00356,"""मास्को में अधिकारी यूरेनियम संवर्धन को छोड़ कर ईरानी सरकार का डर कम करने के लिए मनाने के अंतर्राष्ट्रीय प्रयासों में शामिल हैं।""
""मॉस्को के लोग अन्य देशों के साथ मिलकर ईरान सरकार को यूरेनियम नामक खतरनाक पदार्थ बनाने से रोकने और दूसरों को कम चिंतित महसूस कराने के लिए मनाने की कोशिश कर रहे हैं।""",0.92
HIN-dev-00255,"""अगर हम भेड़ियों के साथ शांति बनाए रखना चाहते हैं, तो हम एक दर्दनाक कीमत चुकाएँगे !""
""यदि हम भेड़ियों से दोस्ती करना चाहते हैं, तो हमें कुछ कठिन और कठिन समय से गुजरना पड़ सकता है।""",0.67
HIN-test-00294,"""युजवेंद्र चहल, उमेश यादव, नवदीप सैनी को आखिरी मैच में पहले से बेहतर करना होगा।""
""जेडीएस ने 12 सीटों पर चुनाव लड़ा है, जहां चुनाव त्रिकोणीय होने की संभावना है।""",0.09
HIN-test-00074,"""मीडिया में चल रही खबरों के मुताबिक अंकिता बिजनेस मैन विकास जैन को डेट कर रही हैं।""
""उन्होंने कहा, ""तेरी लाडली मैं' में मैं अक्षत की मां वैशाली की भूमिका निभा रही हूं।""",0.13
HIN-test-00127,"""वहीं, देश के 24 हाई कोर्ट ने 17.34 लाख से ज्यादा याचिकाओं को निपटाया।""
""उच्च न्यायलय में 41.53 लाख मामलों को अंजाम तक पहुंचाना बाकी है।""",0.69
HIN-test-00178,"""पुलिस ने मृतक की शिनाख्त नहीं होने पर शव को अस्पताल की मोर्चरी में रखवाया है।""
""वहीं, जांच में जुटी पुलिस ने दो आरोपियों को गिरफ्तार कर लिया है।""",0.58
HIN-test-00600,"""मैसाचुसेट्स में, अन्य सीनेट दौड़ में यह बहुत आसान काम प्रतीत होता है।""
""मैसाचुसेट्स में, ऐसा लगता है कि अन्य स्थानों की तुलना में सीनेट की दौड़ जीतना उतना कठिन नहीं है।""",0.77
HIN-test-00543,"""यह अनुसंधान केंद्र एस्टोनिया के टलिन में स्थित है।""
""यह विशेष स्थान जहां लोग शोध करते हैं वह एस्टोनिया नामक देश के तेलिन नामक शहर में है।""",0.69
HIN-dev-00116,"""नजफ में स्थित अयातुल्ला के कार्यालय ने साइबर हमले पर टिप्पणी करने से इनकार कर दिया।""
""नजफ में अयातुल्ला के लिए काम करने वाला शख्स कंप्यूटर हमले के बारे में कुछ नहीं कहना चाहता.""",0.89
HIN-dev-00124,"""आजम खां कई बार मंत्री और विधायक रह चुके हैं।""
""जबकि 30 राज्यों में पहले से ही स्पेशल कोर्ट स्थापित किये जा चुके हैं।""",0.2
HIN-dev-00029,"""पिछले काफी दिनों से ग्लैमर वर्ल्ड में सिर्फ ब्रेकअप और तलाक की खबरें ही सुनने को मिल रही थीं।""
""लेकिन अब लगता है कि माहौल बदल रहा है।""",0.48
HIN-test-00427,"""वित्त राज्य मंत्री अनुराग ठाकुर ने मंगलवार को राज्यसभा को यह जानकारी दी।""
""डॉलर के मुकाबले रुपया मंगलवार को 69.44 पर बंद हुआ था।""",0.51
HIN-test-00956,"""उन्होंने अपने भाई शाहिद की फिल्म ""शानदार"" में ""ईशा"" का किरदार निभाया था।""
""सनाह ने कहा, ""मैं अपनी आगामी फिल्मों के बारे में ज्यादा नहीं बता सकती।""",0.43
HIN-test-00829,"""सर्वे के मुताबिक घरेलू मांग में सुस्ती के बीच ऐसा कोई भी फैसला गलत साबित हो सकता है।""
""चौधरी रणजीत सिंह ने क्षेत्र की मांगों संबंधी मांग पत्र मुख्यमंत्री मनोहर लाल को सौंपा।""",0.32
HIN-test-00840,"""पुलिस ने उस नंबर का पता लगाया जिससे फिरौती की कॉल की गई थी।""
""सोमवार को वह रावत कॉलोनी चाकसू में रहने वाले परिचित के यहां गई थी।""",0.29
HIN-dev-00190,"""यह सर्वेक्षण 27 नवंबर, 2008 को जारी किया गया।""
""सर्वेक्षण 27 नवंबर, 2008 को सार्वजनिक किया गया था।""",1.0
HIN-test-00269,"""कल इसराइल ने जो किया उसने यहां गुस्से को रोष में बदल दिया है।""
""इसराइल ने जो किया उसके बाद प्रदर्शन शुरू हो गए है।""",0.77
HIN-test-00133,"""इससे पहले 43 वर्षीय श्री विटुल्ली क्रिसलर कॉर्प के क्रिसलर डिवीजन के जनरल मार्केटिंग मैनेजर थे।""
""इससे पहले, श्री विटुल्ली, जो 43 वर्ष के हैं, क्रिसलर कॉर्प के क्रिसलर डिवीजन के लिए विज्ञापन के प्रभारी व्यक्ति के रूप में काम करते थे।""",0.73
HIN-test-00241,"""इसी दौरान लापरवाही से सिलेंडर का वॉल्व टूट गया जिससे गैस रिसने लगी।""
""क्लोरीन गैस की चपेट में 50 से ज्यादा लोग आ गए।""",0.66
HIN-test-00884,"""दोनों महिलाओं की अस्मत लूटने के बाद आरोपी फरार हो गए।""
""घंटों बाद दूसरी महिला को होश आया तो वह भाग कर गांव पहुंची और लोगों को आपबीती सुनाई।""",0.5
HIN-dev-00246,"""घायलों को करौली चिकित्सालय में भर्ती कराया गया है।""
""घायलों को चिकित्सालय ले जाया गया।""",0.89
HIN-test-00297,"""ऐसे में सबसे ज्यादा परेशानी मकान खरीदने वाले को उठानी पड़ती है।""
""स्थानीय संगठन को तैयारी में जुटने के निर्देश दिए गए हैं।""",0.21
HIN-test-00389,"""मोदी हाथ जोड़कर महात्मा गांधी को नमन किया वही ट्रंप और मेलानिया सीधे हाथ करते हुए खड़े होकर नमन किया।""
""देश के उप-राष्ट्रपति वेंकैया नायडू ने कहा, 'राष्ट्रपिता महात्मा गांधी की पुण्यतिथि पर विनम्र श्रद्धांजलि अर्पित करता हूं।""",0.32
HIN-dev-00123,"""पुजारा से पहले किसी भी भारतीय बल्लेबाज ने प्रथम श्रेणी क्रिकेट में 12 दोहरे शतक नहीं लगाए थे।""
""तमीम के खाते में 20 अर्धशतक और आठ शतक हैं।""",0.47
HIN-test-00461,"""यह फिल्म सितंबर की 8 तारीख को प्रदर्शित होगी।""
""फिल्म में कियारा, धोनी की पत्नी साक्षी की भूमिका में नजर आएंगी।""",0.6
HIN-dev-00284,"""' तसलीमा नसरीन ने इस दौरान यह भी कहा कि इस्लाम को और अधिक लोकतांत्रिक और निर्मल होना चाहिए।""
""इनमें भाग लेने वाला इस्लाम और कश्मीर का दुश्मन है।""",0.44
HIN-test-00928,"""मुझे मालूम है कि इंजीनियरिंग की पढ़ाई में बहुत पैसा खर्च होता है""
""अगर मैं पास नहीं हो पायी तो मुंह दिखाने लायक नहीं रह पाऊंगी।""",0.69
HIN-test-00063,"""राजनैतिक तौर पर संवेदनशील अयोध्या राम जन्मभूमि मामले में नया मोड़ आ गया है।""
""सुप्रीम कोर्ट ने मंगलवार को अयोध्या विवाद मध्यस्थता के जरिये बातचीत से हल करने का प्रस्ताव दिया है।""",0.87
HIN-test-00817,"""रणबीर कपूर और कट्रीना कैफ का ब्रेकअप हुए काफी समय बीत चुका है।""
""दोनों एक-दूसरे को अब देखना तक पसंद नहीं करते।""",0.68
HIN-test-00312,"""जितार्थ को घायल अवस्था में प्रयाग अस्पताल में भर्ती कराया गया है।""
""'ऐसा नहीं लगता है कि लूट के विरोध में हत्या हुई है।""",0.26
HIN-dev-00010,"""ईरानी अधिकारियों ने तस्वीरों पर तुरंत कोई टिप्पणी नहीं की।""
""ईरान के लोगों ने तस्वीरों के बारे में तुरंत कुछ नहीं कहा.""",0.78
HIN-test-00266,"""इस तरह पुष्कर पुलिस को पचकुंड क्षेत्र में झाडिय़ों में एक नर मुंड पड़ा होने की सूचना मिली थी।""
""मामला जयपुर का होने के कारण बदमाशों शिवदासपुरा पुलिस के सुपुर्द किया जाएगा।""",0.6
HIN-test-00505,"""आज दोपहर, गुस्साए मुसलमानों की भीड़ ने एक होटल और शराब बेचने वाले लोगों के घरों में आग लगा दी।""
""आज दोपहर, क्रोधित पुर्तगालियों की भीड़ ने एक होटल और शराब की दुकान वाले लोगों के घरों में आग लगा दी।""",0.49
HIN-test-00603,"""गोवा,पंजाब में रिकॉर्ड मतदान,पंजाब में हिंसा की छिटपुट घटनाएं""
""गोवा और पंजाब में विधानसभा चुनाव के लिए शनिवार को शाम 5 बजे मतदान संपन्न हो गया।""",0.79
HIN-test-00358,"""हमें अब उनका विकल्प निकालना होगा क्योंकि हमारे पास वो गेंदबाज नहीं हैं जो मध्य में विकेट निकाल सकें।""
""उपग्रह और अन्य आंक़डे संकेत देते हैं कि विमान दक्षिण हिंद महासागर में गिरा था।""",0.15
HIN-dev-00205,"""ऐसी परियोजनाओं में रोजगार सृजन भी 9.4 प्रतिशत घटकर 18.3 लाख रहा।""
""देखें तस्वीरें....""",0.14
HIN-test-00336,"""मगर शाहरुख इस समय फिल्मों की जगह प्रोडक्शन पर ध्यान दे रहे हैं।""
""चीन ने मेजबान टीम के तौर पर सीधे मुख्य टूर्नामेंट के लिए क्वालीफाई कर लिया है।""",0.06
HIN-test-00384,"""फिलहाल पुलिस ने शव ने मुर्दाधर में रखवा दिया है और मामले की जांच पड़ताल में जुट गई है।""
""परिवार को इसका अहसास शायद नहीं होगा।""",0.42
HIN-test-00925,"""वारदात के बाद आरोपी ब्रजेन्द्र प्रजापति फरार हैं।""
""इस मामले में वे फरार चल रहे हैं।""",0.38
HIN-test-00641,"""पीडि़ता ने अपनी मां को आपबीती सुनाई, जिसके बाद थाने में मामला दर्ज कराया गया है।""
""पढ़ें: महंगाई से त्रस्त जनता को राहत देने की कोशिश""",0.12
HIN-dev-00009,"""भाजपा के सह संगठन महामंत्री सौदान सिंह की नसीहत का असर अगले ही दिन नजर आ गया।""
""कैबिनेट बैठक के बाद मंत्रियों चर्चा में मुख्ममंत्री ने मंत्रियों से कहा कि कार्यकर्ता नाराज हैं।""",0.33
HIN-dev-00042,"""जेटली ने की ब्रिक्स की अपनी पंचाट की पैरवी केंद्रीय कर्मचारियों की बल्ले बल्ले, मिलेगा दो साल का बोनस""
""इसके अतिरिक्त जापान को ज्यादा क्षमता वाला मिसाइल डिफेंस सिस्टम देकर उसकी रक्षा सुविधाओं को भी बढ़ाना है।""",0.28
HIN-test-00138,"""कंपनी ने इसकी जानकारी अपनी आधिकारिक वेबसाइट पर दी है।""
""उन्‍होंने कहा कि मौजूदा नेक्सा डीलरशिप को इन वर्कशॉप के लिए प्राथमिकता दी जाएगी।""",0.31
HIN-test-00101,"""पुलिस ने हत्या के मामले में चार लोगों को गिरफ्तार किया है।""
""पुलिस ने चार लोगों को पकड़ा है, जिन्होंने गलत काम किया होगा।""",0.63
HIN-test-00938,"""मानवता हुई शर्मसार, नवजात को टॉयलेट सीट के अंदर डाला, मौत""
""जिला अस्पताल में मंगलवार रात चिकित्सा सेवा और मानवता दोनों ही शर्मसार हो गई।""",0.63
HIN-test-00764,"""यह बेहद अशिष्ट है, हालांकि मैं इसमें हास्य देख सकता हूं।""
""यह वास्तव में मतलबी है, लेकिन मैं समझ सकता हूं कि कुछ लोगों को यह हास्यास्पद क्यों लग सकता है।""",0.64
HIN-test-00667,"""इसके बाद परिजन बालिका को लेकर थाने पहुंचे और मामला दर्ज करवाया।""
""ऎसा ही सनसनीखेज मामला महाराष्ट्र के मुंबई में सामने आया है।""",0.31
HIN-dev-00094,"""इस बार, थोड़ी दूरी पर यह रात के खाने और नृत्य के लिए था।""
""इस बार हमें डिनर और डांस के लिए ज्यादा दूर नहीं जाना पड़ा.""",0.7
HIN-test-00889,"""वहीं बेटी सोनम कपूर तो पहले ही बॉलीवुड में छाई हुई हैं।""
""कंपनी की अधिकृत शेयर पूंजी बढ़कर 2,000 करोड़ रुपये हो जाएगी।""",0.15
HIN-test-00755,"""जब 1991 में सोवियत संघ का पतन हुआ, तो रोनाल्ड रीगन के पक्षकारों ने दावा किया कि उन्होंने शीत युद्ध ""जीता"" था।""
""1991 में जब सोवियत संघ ख़त्म हुआ तो रोनाल्ड रीगन का समर्थन करने वाले कुछ लोगों ने कहा कि शीत युद्ध की समाप्ति के लिए वह ज़िम्मेदार थे और इसे अपनी जीत मानते थे।""",0.85
HIN-test-00199,"""कनाडा के नेता ने कहा,""हमारे संबंध हमेशा से अच्छे रहे हैं। असहमती सिर्फ एक बात की है।""
""कनाडाई नेता ने कहा, ""हमारे बीच हमेशा अच्छे संबंध रहे हैं। हम सिर्फ एक ही बात पर असहमत हैं।""",0.94
HIN-dev-00226,"""राजस्थान के कुछ हिस्सों में रात के तापमान में मामूली बढ़ोतरी दर्ज की गई है।""
""जबकि डबोक राज्य का सबसे ठंडा स्थान रहा, उसका न्यूनतम तापमान 8.2 डिग्री सेल्सियस दर्ज किया गया।""",0.67
HIN-test-00534,"""पढ़ें: तिहाड़ में मुझसे जानवरों से बुरा सलूक: भटकल अब तिहाड़ रेस्टोरेंट में खाना बनाना सीखेंगे कैदी""
""वेल्‍स ने कहा था कि भारत-पाक वार्ता का अमेरिका समर्थन करेगा।""",0.19
HIN-test-00906,"""जॉर्जिया के एक अलगाववादी क्षेत्र में हवाई हमलों ने संघर्ष को तीव्र किया।""
""हवाई हमलों के कारण जॉर्जिया के एक हिस्से में, जहां कुछ लोग देश के बाकी हिस्सों से अलग रहना चाहते हैं, लड़ाई और भी बदतर हो गई है।""",0.76
HIN-test-00648,"""उनकी स्टारर फिल्म शकीला की रिलीज डेट घोषित हुई है, तब से फिल्म को लेकर काफी उत्सुकता बानी हुई है।""
""फिल्म धड़क 6 जुलाई को रिलीज हो रही है।""",0.46
HIN-test-00082,"""शुरुआत में इसकी छह शाखाएं खोली जाएंगी।""
""इसे देश के छह हिस्सों में खोला जाना है।""",0.66
HIN-dev-00136,"""विदेशी मजबूती देख कीमती धातुओं में स्टॉकिस्टों ने शुक्रवार को खरीदारी की।""
""इसके चलते स्थानीय सराफा बाजार में सोना 275 रुपये चमककर 27 हजार 300 रुपये प्रति दस ग्राम हो गया।""",0.38
HIN-dev-00236,"""इसे बदले हालात का माजरा कहें या राजनीतिक मजबूरियां।""
""प्रखर हिन्दुत्व और राममंदिर के मुद्दे पर दहाड़ने वाले पूर्व मुख्यमंत्री कल्याण सिंह बेहद शांत दिखे।""",0.5
HIN-test-00256,"""कुल भत्तों समेत उन्हें पिछले साल दो करोड़ डॉलर (138 करोड़ रुपए) मिले।""
""भारत की योजना अगले पांच वर्षों में बुनियादी ढांचा क्षेत्र में लगभग 100 लाख करोड़ रुपये के निवेश की है।""",0.52
HIN-test-00568,"""इस मामले में पुलिस 19 आरोपियों को गिरफ्तार कर चुकी है।""
""एएसपी विद्यासागर मिश्र के अनुसार, मामले में प्रॉपर्टी का विवाद ही सामने आ रहा है।""",0.35
HIN-test-00511,"""रूस और जॉर्जिया ने नरमी के कोई संकेत नहीं दिए है।""
""रूस और जॉर्जिया रुकने या हार मानने के कोई संकेत नहीं दे रहे हैं.""",0.81
HIN-test-00843,"""जब यह रिपोर्ट सामने आयी तो उन्होंने मुझ से संपर्क किया था।""
""मैंने उन्हें कहा कि मैं दिल्ली से भुवनेश्वर स्थानांतरित हो रहा हूं, मुझे थोड़ा समय चाहिए।""",0.37
HIN-dev-00216,"""आज वह अपनी शादी की सातवीं सालगिरह मना रही है।""
""इस खास अवसर पर उन्होंने अपने पति के लिए सोशल मीडिया पर एक खूबसूरत तस्वीर शेयर की है।""",0.61
HIN-test-00190,"""बीएसई स्‍मालकैप इंडेक्‍स 3.45 प्रतिशत टूटा है, जबकि बीएसई मिडकैप इंडेक्‍स 3.53 प्रतिशत की गिरावट में है।""
""इसकी वजह से भूकंप नियमित रूप से आते रहते हैं।""",0.14
HIN-test-00793,"""भारत और इंग्लैंड के बीच खेली जा रही 5 मैचों की टेस्ट सीरीज के चार मुकाबले हो चुके हैं।""
""इन चार में से तीन मैच में भारतीय टीम का दबदबा रहा है।""",0.79
HIN-dev-00245,"""अश्विन के अलावा ये है भारत की ओर से मैन ऑफ द सीरीज का पुरस्कार जीतने वाले खिलाडी""
""पुलिस मामले की जांच कर रही है।""",0.03
HIN-dev-00004,"""घटना बेगूसराय के नीमाचांदपुरा थाना क्षेत्र की है।""
""प्राप्त जानकारी के अनुसार घटना डरबन में घटित हुई है।""",0.34
HIN-dev-00015,"""क्रिकेट की खबरों के लिए यहां क्लिक करें खेल की खबरों के लिए यहां क्लिक करें""
""आम जनता को भ्रमित होने की जरूरत नहीं है - नरेंद्र मोदी, प्रधानमंत्री।""",0.11
HIN-test-00223,"""सुबह करीब 9 बजे उसने आरटीओ के पास अपनी कार खड़ी की थी।""
""पुलिस को शव के पास से अंगूठी मिली जिससे पता चल पाया की वह पुरुष की लाश थी।""",0.23
HIN-dev-00217,"""खुला अय्याश बाबा का राज,औरतों को यूं फंसाती थी शिष्याएं""
""गत चैंपियन कोलकाता छह मैचों में तीन जीत के साथ सात अंक लेकर तीसरे स्थान पर पहुंच गई है।""",0.0
HIN-test-00079,"""पुलिस ने बताया कि 16 जुलाई को गारमेंट व्यापारी विक्रम शर्मा पर फायरिंग की गई थी।""
""प्राथमिक जांच में पुलिस ने रंजिश के चलते हत्या की आशंका जताई है।""",0.4
HIN-test-00068,"""अभिनेत्री अनुष्का शर्मा और क्रिकेटर विराट कोहली की शादी इस साल की सबसे ज्यादा चर्चित शादियों में से रही।""
""इसी सोमवार इटली में शादी के बाद 'विरुष्का' लगातार ख़बरों में बने हुए हैं।""",0.68
HIN-test-00263,"""मुख्यमंत्री वसुंधरा राजे ने उनके नाम की मंजूरी आखिरी वक्त में दी।""
""गुप्ता 1983 बैच के अधिकारी है।""",0.21
HIN-test-00033,"""सुनने में आ रहा है कि वह फिल्म 'एक निकाह और' में भी काम कर रही हैं।""
""मैंने ही उनसे अनुरोध किया था कि वो उन्हें फिल्म में ले।""",0.43
HIN-test-00838,"""इसी प्रकार से पार्टी में कुछ लोग मेरी भी आवाज समाजपार्टी के विघटन के बाद सुनेंगे।""
""लोग हाथ उठाकर हर रोज कहते हैं कि मैंने नेताजी के साथ बहुत मेहनत की है।""",0.44
HIN-test-00055,"""श्वेत पत्र पर मायगॉव.इन पर जाकर सुझाव दिये जा सकते हैं।""
""सरकार का उद्देश्य देश में डाटा प्रोटेक्शन का एक पूरा ढांचा तैयार करने की योजना है।""",0.37
HIN-test-00006,"""एबीसी के गिलियन फाइंडले ने फिलीस्तीनी गाजा से रात को ही ताज़ा खबरें दी।""
""एबीसी के गिलियन ले ड्राडले ने आज रात फिलीस्तीनी गाजा से रिपोर्ट दी।""",0.87
HIN-dev-00141,"""दिल्ली के मुख्य सचिव अंशु प्रकाश दिल्ली सरकार से तबादला ले सकते हैं।""
""मारपीट की घटना से वह बहुत आहत हैं।""",0.25
HIN-dev-00107,"""उन्होंने कहा कि मित्र देशों की सेनाओं द्वारा पकड़े गए ज्यादातर लोग नागरिक थे, सैनिक नहीं।""
""उन्होंने देखा कि मित्र देशों की सेना द्वारा पकड़े गए बहुत से लोग सैनिक नहीं, बल्कि सामान्य लोग थे।""",0.88
HIN-test-00912,"""सलमान ख़ान और कटरीना कैफ़ इन दिनों अपनी आने वाली फ़िल्म ‘भारत’ के लिए चर्चा में हैं।""
""भारत के डायरेक्टर हैं अली अब्बास ज़फर।""",0.75
HIN-dev-00069,"""पूर्वोत्तर के राज्यों में प्रधानमंत्री किसान सम्मान निधि के लागू करने को लेकर संशय बरकरार है।""
""यहां के किसानों के पास जमीनों का मालिकाना हक नहीं है।""",0.67
HIN-test-00671,"""फिल्म दीवाली के मौके पर 28 अक्टूबर के सिनेमाघरों में रिलीज की जाएगी।""
""यह भी कहा कि वो चाहते हैं कि मधुकोड़ा सभी मामलों से बरी हो जाएं ।""",0.23
HIN-test-00899,"""वहीं इस फिल्म को नीरज पाठक ने डायरेक्ट और प्रोड्यूसर चिराग महेंद्रा धारीवालंद ने किया है।""
""मुंबई: अभिनेता शाहिद कपूर की आगामी फिल्म 'कबीर सिंह' की शूटिंग पूरी हो चुकी है।""",0.52
HIN-test-00803,"""अटल बिहारी वाजपेयीः ये हैं 'भारतरत्न' के कालजयी वाक्य जो संसद में गूजे थे""
""भारत के प्रधानमंत्री अटल बिहारी वाजपेयी का वाकचातुर्य किसी से छिपा नहीं है।""",0.62
HIN-test-00712,"""मोदी की मुख्यमंत्री काल में वे विभिन्न विभागों की कैबिनेट मंत्री रहीं।""
""मोदी ने फ्रांस की पहली यात्रा मैक्रों के राष्ट्रपति बनने के बाद जून 2017 में की थी।""",0.32
HIN-dev-00179,"""अदालत अब बागी विधायकों का पक्ष सुन रही है जिसके बाद फैसला सुनाया जा सकता है।""
""पुलिस दोनों शातिर बदमाशों की तलाश कर रही है।""",0.19
HIN-test-00612,"""मंगलवार को ही मुख्य आरोपी प्रिंस और बुधवार को राजू यादव को गोरखपुर से गिरफ्तार कर लिया था।""
""एसओजी एसपी संजय श्रोत्रिय ने बताया कि बलराम को उसके घर से सोमवार रात गिरफ्तार किया है।""",0.54
HIN-dev-00182,"""रंगमंच ने मुझे सिखाया है।""
""वह कुछ भी स्थायी नहीं है।""",0.31
HIN-test-00652,"""हमें उसे 2 बार और बताना पड़ा, और फिर उसने बात मानी।""
""उसे मज़ा आ रहा था, लेकिन फिर उसने बात मान ली।""",0.81
HIN-dev-00232,"""रिया फिलहाल 14 दिन की न्यायिक हिरासत में हैं, और भायखला जेल में बंद हैं।""
""रिया के इस दौरान लगातार पूछताछ की जा रही है।""",0.7
HIN-test-00364,"""तिहाड़ जेल में कैदी की हत्‍या, साथी कैदियों पर लगा आरोप""
""दिल्ली के सबसे सुरक्षित माने जाने वाले तिहाड़ जेल में आज एक कैदी की हत्या कर दी गई।""",0.85
HIN-dev-00264,"""झट से बाइक पर बैठता है और उसे मास्टर चाभी लगाकर ले जाता है।""
""साफ़ है एन सी आर में अब वाहन चोरों के हौसले लगातार बढ़ते जा रहे हैं।""",0.5
HIN-test-00726,"""इस्लामी आतंकवाद के खिलाफ कड़ा रवैया अपनाकर भारत को आश्वस्त किया कि अमेरिका इस लड़ाई में पूरी तरह साथ है।""
""हम उनके अध्यक्ष बनने के खिलाफ नहीं हैं।""",0.29
HIN-test-00451,"""कुल मिलाकर कहा जाए तो सितारों के लिए कान्स शानदार रहा।""
""वहीं बॉलीवुड अदाकाराओं ने अपने लुक्स और स्टाइलिश अंदाज से हर किसी को अपना दीवाना बना लिया है।""",0.54
HIN-test-00629,"""इनकी लिवाली के झोंके में सेंसेक्स ने 28360.66 अंक का ऊंचा स्तर छुआ।""
""कारोबार के दौरान सेंसेक्स ने 39,817.22 अंक का निचला और 39,510.44 अंक का उच्चस्तर भी छुआ।""",0.57
HIN-dev-00109,"""सेंसेक्‍स में 2.21 फीसद यानी 629.37 अंकों का उछाल देखा गया और यह 29,069.69 पर कारोबार कर रहा था।""
""बीते दो दिनों में कीमतों में 210 रुपये का उछाल देखा गया है।""",0.55
HIN-dev-00158,"""यह सामुदायिक मंच सरकार और जनता के बीच दो तरफा संवाद को आसान बनाता है।""
""वेबसाइट में खास तौर पर नागरिकों को अपनी बातें कहने के लिए एक खंड है।""",0.55
HIN-test-00048,"""कई बार पहले भी बच्ची को जान से मारने की धमकी दे चुका था।""
""इसी बात के विवाद में वह मायके भी चली गई थी।""",0.54
HIN-dev-00115,"""प्याज की कीमतें इतनी ज्यादा हो गई हैं कि इसे काटने से पहले ही लोगों के आंसू निकल जाते हैं।""
""नासिक की उत्पादक मंडी में भी प्याज का थोक भाव गुरुवार को 2,400 से 2,700 रुपये प्रति क्विंटल रहा।""",0.84
HIN-test-00933,"""यूपी में इन दिनों चोरों ने आतंक मचा रखा है।""
""चोर बेखौफ होकर दिनदिहाडे चोरी कर फुरर्र हो जाते है।""",0.71
HIN-test-00965,"""हालांकि, आठ ग्राम वाली गिन्नी 24,600 रुपए प्रति इकाई के पूर्व स्तर पर ही टिकी रही।""
""256जीबी वेरिएंट की कीमत 56900 रुपए, 128जीबी वेरिएंट की कीमत 52900 रुपए और 64जीबी वेरिएंट की कीमत 48900 रुपए होगी।""",0.21
HIN-dev-00081,"""प्रियंका गांधी को राहत, ने जमीन से जुड़ी जानकारी देने पर लगाई रोक""
""प्रियंका गांधी द्वारा जमीन खरीद के मामले में हाईकोर्ट ने राज्य सूचना आयोग के फैसले पर रोक लगा दी है।""",0.75
HIN-dev-00186,"""यही नही पुलिस ने आरोपियों की निशानदेही पर जंगल में छिपा कर रखी 12 मोटरसाइकिलें बरामद की है।""
""पुलिस ने बताया कि लालपुरा पचार निवासी अनिल शर्मा ने रिपोर्ट दर्ज कराई है।""",0.45
HIN-test-00491,"""सीएम मुख्यमंत्री ने कहा है कि नक्सलियों के कारण ही राज्य का सम्मान और विकास प्रभावित हो रहा है।""
""सरकार बिना नक्सलियों के सफाए और राज्य के स्वाभिमान को बिना शीर्ष पर पहुंचाए चैन से नहीं बैठेगी।""",0.79
HIN-test-00217,"""सोने की वायदा कीमतों में उछाल, चांदी में जबरदस्त तेजी, जानिए क्या चल रहे हैं भाव""
""घरेलू वायदा बाजार में शुक्रवार सुबह सोने की कीमत में बढ़त देखी गई है।""",0.77
HIN-test-00036,"""सोमवार को सोने की आठ ग्राम वजनी गिन्नी का भाव 25,200 रुपए प्रति इकाई पर स्थिर रहा।""
""शुरुआती कारोबार में डॉलर के मुकाबले रुपया बुधवार को आठ पैसे की मजबूती के साथ 69.38 पर चल रहा है।""",0.34
HIN-test-00176,"""पुलिस ने आरोपित मनीष सिंधी को गिरफ्तार कर चोरी की बाइक जब्त कर ली।""
""उसने अपने बडे बेटे को बुलाया और उसकी सलाह पर पुलिस में शिकायत दर्ज कराई।""",0.49
HIN-test-00687,"""जब फिल्मों में मेकअप ने बदल दी इन सितारों की सूरत, पहचानना हुआ मुश्किल""
""अपनी फिल्म को हिट बनाने के लिए कोई भी स्टार किसी भी हद तक जाता है।""",0.63
HIN-test-00654,"""हमें उम्मीद है कि अब हमारे गांव का विकास होगा।""
""गांव के रहने वाले मोहम्मद इमरान ने भी अपनी खुशी कुछ इसी तरह से जाहिर की।""",0.7
HIN-dev-00007,"""सदर विधानसभा क्षेत्र के सालारपुर में कांग्रेसियों ने कानून के विरोध में किसानों के हस्ताक्षर करवाए।""
""कानून में यह प्रावधान किया जा सकता है कि दलबदल करने वालों की सदस्यता समाप्त कर नए चुनाव कराए जाएं।""",0.5
HIN-test-00605,"""आप नौ रुपये प्रति किलो प्याज खरीद सकते हैं।""
""इससे प्याज खेती की लागत बढ़ी है।""",0.38
HIN-dev-00235,"""कोवली ने कहा, ‘‘हमें सतर्क रहना होगा, हर जगह संक्रमण के मामलों में इजाफा हो रहा है।""
""मोमोता ने इसके बाद पीछे मुड़कर नहीं देखा और 22 मिनट में गेम जीतते हुए फाइनल में जगह बना ली।""",0.12
HIN-test-00945,"""हरमाडा इलाके में मंगलवार रात फंदा लगाकर एक छात्र ने अपनी जीवन लीला समाप्त कर दी।""
""सूचना पर पहुंची पुलिस ने फंदे से शव को उतारकर पोस्टमार्टम के लिए अस्पताल की मोर्चरी भिजवाया।""",0.81
HIN-dev-00016,"""पुलिस ने बताया कि पीडिता 25 वर्षीय विवाहिता भरतपुर की है।""
""इसके बाद पीडिता ने दो मई को मामला दर्ज करवाया।""",0.5
HIN-test-00444,"""वर्ष के शुरुआती तीन माह के दौरान दुनियाभर में 678 अरब डॉलर के विलय-अधिग्रहण की घोषणा हुई।""
""इससे पिछले वर्ष में यह आंकड़ा 78.1 करोड़ रुपये था।""",0.31
HIN-dev-00178,"""ऐसी स्थिति में राज ठाकरे के लिए विधानसभा चुनाव में भी सभी रास्ते बंद नजर आ रहे हैं।""
""पुलिस ने आरोपी बेटे को गिरफ्तार कर लिया है।""",0.17
HIN-test-00758,"""कंगना ने फिल्म 'सीता' का एलान कर दिया है जिसमें वो मुख्य किरदार निभाने वाली हैं।""
""लेकिन क्या आप जानते हैं कि ये पहली बार नहीं है जब कंगना माता सीता का किरदार निभा रही हैं।""",0.59
HIN-test-00904,"""मिस्बाह का विकेट 202 रनों के कुल योग पर गिरा।""
""कप्तान ने 121 गेंदौं का सामना कर तीन चौके लगाए।""",0.63
HIN-test-00888,"""विद्याधर नगर पुलिस ने दोपहिया वाहन चुराने के आरोप में दो बाल अपचारियों को निरुद्ध किया है।""
""पुलिस ने उनके कब्जे से तीन बाइकें जब्त की हैं।""",0.67
HIN-test-00496,"""हमने समीकरण बदल दिए हैं।""
""एक पक्ष की ओर से दी गई रिपोर्ट के आधार पर मामले की जांच की जा रही है।""",0.33
HIN-test-00837,"""एक कथित सलाहकार का कहना है कि ट्यूडोरो कभी भी किसी की भी जान ले सकते हैं।""
""सोना फिसला, मगर चांदी और चमकी""",0.08
HIN-test-00121,"""मुझे लगता है कि, मैं अगले पांच वर्षों तक देश के भविष्य के बारे में आशावादी नहीं हूं।""
""मुझे लगता है कि संक्षेप में, मैं अगले पांच वर्षों के लिए देश के भविष्य के बारे में आशावादी नहीं हूं।""",1.0
HIN-test-00774,"""अरुणाचल प्रदेश में चक्रवाती तूफान से जनजीवन अस्त व्यस्त, सैकड़ों बेघर""
""अरुणाचल प्रदेश में चक्रवाती तूफान के साथ हुई तेज बारिश से जनजीवन अस्त व्यस्त हो गया है।""",0.85
HIN-test-00407,"""वे ओबामा की छवि बिगाड़ने की लिए अमेरिका को ही बस के नीचे फेंकने को तैयार हैं।""
""ओबामा को बुरा दिखाने के लिए वे अमेरिका को भी नुकसान पहुंचाने को तैयार हैं।""",0.73
HIN-test-00308,"""इन दिनों लोगों में गलत तरीके से पैसे कमाने की प्रवृति बढ़ती जा रही है।""
""ऐसे मेें वे कोई न कोई ऐसा अलग तरीका अपनाते हैं, जिससे पकड़ में नहीं आए।""",0.76
HIN-test-00035,"""जीआरपी थाना पुलिस ने कार्रवाई करते हुए मादक पदार्थ के साथ एक तस्कर को गिरफ्तार किया है।""
""पुलिस ने आरोपी तस्कर के पास से 800 ग्राम अफीम जप्त की है।""",0.73
HIN-test-00828,"""यदि रामराज्य होता तो जंगलराज नही होता।""
""ये प्लान बाजार में पेश कर दिए गए हैं।""",0.09
HIN-test-00677,"""केजरीवाल का पीएम पर निशाना इस बीच दिल्ली के मुख्यमंत्री अरविंद केजरीवाल ने ट्वीट कर प्रधानमंत्री पर निशाना साधा है।""
""केजरीवाल ने अपने ट्वीट में लिखा है कि प्रधानमंत्री को अब अपनी चुप्पी तोड़नी चाहिए।""",0.69
HIN-dev-00137,"""लेकिन अब यह सुविधा सिर्फ पूर्वोत्तर और तीन पर्वतीय राज्यों तक ही सीमित है।""
""आग से कार कबाड़ में तब्दील हो गई और उसमें फंसे मोहित की जिंदा जलने से मौत हो गई।""",0.23
HIN-test-00797,"""जाति की राजनीति:10 साल में 9 दलित आत्महत्याएं""
""हैदराबाद सेंट्रल यूनिवर्सिटी में आत्महत्या करने वाले रोहित वेमुला पहले दलित पीएचडी स्कॉलर नहीं हैं।""",0.76
HIN-test-00842,"""इस बार की कसक की भरपाई के लिए।""
""मंत्रालय ने कहा कि विमान ने टोक्यो के हनेडा हवाईअड्डे से उड़ान भरी थी।""",0.29
HIN-dev-00214,"""मध्य प्रदेश के सीधी जिले में दरिंदों ने हैवानियत की है।""
""यहां एक महिला से तीन दरिंदों ने दरिंदगी करते हुए उसके प्राइवेट पार्ट में लोहे का सरिया डाल दिया।""",0.83
HIN-test-00261,"""इराकियों ने ज्यादातर छोटे हथियारों, पिस्तौल, मशीनगनों और रॉकेट से चलने वाले हथगोले के साथ लड़ाई लड़ी।""
""इराक के लोग लड़ने के लिए पिस्तौल और मशीन गन जैसी बंदूकों के साथ-साथ ट्यूब से निकलने वाले विशेष हथगोले का भी इस्तेमाल करते थे।""",0.87
HIN-test-00067,"""साथ यह भी साफ किया कि छात्रवृत्ति को लेकर किसी भी राज्य का अब कोई बकाया केंद्र पर नहीं है।""
""उज्जैन में विकास दुबे के पकड़े जाने को लेकर मध्य प्रदेश पुलिस ने प्रेस वार्ता की है।""",0.18
HIN-test-00013,"""उन्होंने कहा कि उन्हें उन नगरों और गांवों की चिंता है जो भूकंप के केंद्र के नजदीक हैं।""
""अगली स्लाईड में देखिए इनकी घर के बाहर की सभी तस्वीरें-""",0.44
HIN-dev-00263,"""थानाधिकारी के समर्थन में उतरा जाट समाज""
""महावीर नगर थाने के सीआई श्रीराम बड़ेसरा के समर्थन में अब जाट समाज उतर गया है।""",0.7
HIN-test-00958,"""एक कलयुगी महिला ने ममता के रिश्ते को ही तार-तार कर दिया।""
""हैवानियत की हदें पार करते हुए सौतेली मां ने मासूम के गुप्तांग में लाल मिर्च भर दी।""",0.79
HIN-test-00343,"""इन दोनों की आने वाली फिल्म जग्गा जसूस है।""
""इस लिए कैटरीना इन दिनों सलमान से टिप्स ले रही है।""",0.25
HIN-dev-00163,"""नवंबर-2019 में यह जोड़ी सातवें नंबर पर थी।""
""इस साल इस जोड़ी ने दो खिताब अपने नाम किए थे।""",0.73
HIN-dev-00238,"""पढ़ेंः रिलीज के दिन 'हैप्पी न्यू ईयर' ने मचाया धमाल, बनाया रिकॉर्ड""
""उन्होंने कहा कि एक साथ करीब 25 निगम मुलाजिमों ने छुट्टी लेकर हड़ताल का समर्थन किया है।""",0.09
HIN-test-00032,"""इससे पहले गाजा ने आग लगने वाले गुब्बारे से इजरायल पर हमला किया था।""
""गाजा सिटी में बुधवार तड़के धमाकों की आवाजें सुनी गई।""",0.44
HIN-dev-00282,"""राजनयिक ने कहा कि 45 सदस्य देशों में से केवल 7 खंडन कार्रवाई का प्रतिनिधित्व करते हैं।""
""राजनयिक ने कहा कि 45 देशों में से केवल 7 ने ही कुछ बुरा किया और उन्होंने ऐसा 75 बार किया.""",0.84
HIN-test-00345,"""मालपुरा गेट थाना पुलिस ने देशी कट्टा लेकर घूमते एक बदमाश को शुक्रवार रात गिरफ्तार किया है।""
""पुलिस आरोपित के अपराधिक रिकोर्ड को खंगाल रही है।""",0.58
HIN-test-00350,"""हो सकता है कि आप न चाहते हुए भी पुलिस कार्रवाई करे।""
""हो सकता है कि आप भी पुलिस कार्रवाई न करना चाहें।""",0.6
HIN-dev-00027,"""फ़िल्म मध्य प्रदेश के चंदेरी में शूट की गई है।""
""फ़िल्म के लिए राजकुमार राव ने ख़ास तौर से टेलरिंग का काम सीखा है।""",0.64
HIN-test-00943,"""संग्रहालय में एक बुफे नाश्ता आयोजित किया गया था, जहां दैनिक आगंतुकों के लिए खाने-पीने पर प्रतिबंध है।""
""संग्रहालय में एक विशेष नाश्ता था जहां आमतौर पर लोगों को भोजन या पेय लाने की अनुमति नहीं होती है।""",0.83
HIN-test-00961,"""तब दोनों एक ही केन्द्र में प्रशिक्षण लेते थे।""
""नीरज तब प्रमुख कोच वर्नर डेनियल की देखरेख में प्रशिक्षण के लिए तीन महीने तक जर्मनी में थे।""",0.6
HIN-test-00469,"""काठमांडू में आपात स्थिति खत्म होने के बाद बम निष्क्रिय करने के दौरान सैनिक घायल हुए।""
""हमारी रक्षा में मदद करने वाले कुछ लोग उस समय घायल हो गए जब वे खतरा टलने के बाद काठमांडू नामक स्थान पर बम को सुरक्षित बनाने का प्रयास कर रहे थे।""",0.77
HIN-dev-00183,"""अनुच्छेद 370 और एक साथ तीन तलाक भाजपा के मुख्य मुद्दों में शामिल थे।""
""इस दौरान उन्होंने कहा भाजपा में शामिल होने की घोषणा की।""",0.36
HIN-test-00028,"""बदले नियमों के मुताबिक, पूर्व मुख्यमंत्रियाें के लिए सरकारी आवासीय सुविधा का प्रावधान भी समाप्त हो गया।""
""पहले से ही मुश्किलों में घिरे पाकिस्तान के पूर्व प्रधानमंत्री नवाज शरीफ के लिए एक और बुरी खबर है।""",0.56
HIN-test-00232,"""यह प्रत्येक टूर्नामेंट के बाद आम प्रक्रिया है और हमसे हमारी योजनाओं के बारे में पूछा जाता है।""
""हमें निर्देश जारी किये जाएंगे और हम वर्तमान स्थिति में प्रोटोकॉल का अनुसरण करेंगे।""",0.49
HIN-dev-00175,"""संभावना सेठ बिल्कुल ठीक हैं।""
""हां वो कोकिलाबेन अस्पताल गई जरूर थीं, लेकिन थोड़ी देर के लिए।""",0.36
HIN-test-00085,"""तीन दिन पहले ही वह पीहर से ससुराल आई थी।""
""इस फिल्म के रिसर्च के लिए कंगना , अमरीका और मैक्सिको भी गई थी।""",0.11
HIN-test-00584,""": दिल्ली में तेज हवा के साथ बारिश, मौसम हुआ सुहाना""
""शुक्रवार शाम एनसीआर में तेज हवा के साथ बारिश हुई और ओले भी गिरे।""",0.71
HIN-test-00578,"""एक बच्चे के अभिभावक ने कहा, 'इस विद्यालय में खेल का मैदान भी नहीं है।""
""हमारे बच्चों को खाना देने वाला भी कोई नहीं है।""",0.37
HIN-test-00423,"""बालक के परिजनों ने पुलिस में टीचर के खिलाफ मामला दर्ज कराया है।""
""पुलिस ने जब अनूप का मोबाइल फोन ट्रेस किया तो उसकी लोकेशन हरियाणा की पाई गई।""",0.32
HIN-test-00135,"""इस फिल्म ने कुल 18 इंटरनेशनल अवॉर्ड भी जीते हैं।""
""हमें कमजोर न समझें और हमारी परीक्षा न लें।""",0.21
HIN-test-00089,"""क्रिकेट की खबरों के लिए यहां क्लिक करें""
""नेपाल में मॉनसून के दौरान बाढ़ और भूस्खलन की घटनाएं आम बात हैं।""",0.12
HIN-test-00746,"""सरकारी न्यूज एजेंसी शिन्हुआ के अनुसार, दोनों नेताओं की सोमवार और मंगलवार को वार्ता हुई।""
""कोर्ट ने इन दोनों की अंतरिम सुरक्षा 6 मई तक के लिए बढ़ा दी है।""",0.33
HIN-test-00962,"""ब्रिस्बेन और पर्थ में उनकी पारियों ने मैच जिताए, जबकि मेलबर्न में उन्होंने मैच बचाने वाली पारी खेली।""
""हरियाणा की अंतिम एकादश में लेग स्पिनर युजवेंद्र चहल जबकि दिल्ली की टीम में विकेटकीपर ऋषभ पंत शामिल थे।""",0.42
HIN-test-00777,"""आर-कॉम और एयरसेल के मर्जर को शेयरधारकों से मिली मंजूरी""
""अनिल अंबानी की कंपनी रिलायंस कम्युनिकेशन और एयरसेल के मर्जर का रास्ता साफ हो गया है।""",0.83
HIN-dev-00133,"""घटना के संबंध में पीडिता के पिता ने होली के दिन मामला दर्ज करवाया।""
""घटना प्रागपुरा थाना इलाके के जयपुर-दिल्ली राष्ट्रीय राजमार्ग कोठपुतली के पास की।""",0.48
HIN-test-00213,"""साथ ही उन्होंने उसे कुछ देर बंधक भी बनाया।""
""इसके अलावा चैनल की महिला रिपोर्टर से भी गालीगलौज की गई।""",0.4
HIN-test-00512,"""मुझे नहीं पता कि ऐसा कैसे हुआ।""
""मुझे नहीं पता ये सब, कब और कैसे हुआ।""",1.0
HIN-test-00966,"""राजस्थान के अलवर जिले में लगातार गो-तस्करी के मामले सामने आ रहे हैं।""
""एक बार फिर ऐसा ही मामला सामने आया है।""",0.68
HIN-dev-00270,"""एकमात्र ऐसे भारतीय पीएम जिसने आइएसआइ को सैन्य अड्डे पर आमंत्रित किया है।""
""इसके जरिये नए मानचित्र को स्वीकार किया जाएगा, जिससे भारतीय क्षेत्र पर नेपाल के दावे को कानूनी आधार मिल जाएगा।""",0.3
HIN-dev-00221,"""तब उन्होंने देखा कि करीब 35 वर्षीय व्यक्ति उन्हें देखकर अश्लील हरकतें कर रहा है।""
""इसके खिलाफ उन्होंने सुप्रीम कोर्ट का दरवाजा खटखटाया है।""",0.39
HIN-dev-00253,"""इसमें कोई मंत्री या नौकरशाह के बीसीसीआइ पदाधिकारी नहीं बनने की बात भी शामिल है।""
""जौहरी ने भी सीओए के साथ पूर्वोत्तर के प्रतिनिधियों से मुलाकात की और नए संविधान पर चर्चा की।""",0.25
HIN-test-00796,"""अभिनेत्री ने शानिवार को अपनी इंस्टा स्टोरी पर वीडियो क्लिप और फोटो शेयर किए।""
""इन तस्वीरों में उनके पति कुणाल खेमू और उनकी बेटी इनाया खेमू स्विमिंग पूल में मस्ती करते नजर आ रहे हैं।""",0.52
HIN-test-00150,"""स्‍मार्ट सिटी में सप्‍लाई और डिमांड पूरी तरह से मार्केट पर आधारित होती है।""
""बिजनेस सेक्शन की अन्य खबरों के लिए यहां क्लिक करें""",0.33
HIN-dev-00208,"""विजय माल्या को भारत कब लाया जाएगा?""
""इस सवाल का जवाब अभी तक नहीं मिल पाया है।""",0.45
HIN-test-00278,"""इसके लिए राज्य सरकार को हरसंभव मदद का आश्वासन दिया गया है।""
""घाटी में जारी हिंसक प्रदर्शनों को देखते हुए राजीव महर्षि की अध्यक्षता में उच्च स्तरीय बैठक हुई।""",0.35
HIN-test-00868,"""पुलिस पूछताछ में सामने आया है की पकड़ा गया ठग यूपी के फैजाबाद का रहने वाला है।""
""पुलिस ने इस संबंध में केस दर्ज कर लिया है।""",0.63
HIN-test-00556,"""ट्रंप ने राज शाह को अपना सलाहकार और पिं्रसिपल डेप्यूटी प्रेस सेक्रेटरी नियुक्त किया है।""
""उत्तम ढिल्लन को उप सलाहकार और डेप्यूटी काउंसलर नियुक्त किया है।""",0.4
HIN-dev-00157,"""उदाहरण के लिए, सोमवार की नीलामी में बेचे गए छह महीने के ट्रेजरी बिलों पर उपज 7.90% से बढ़कर 8.04% हो गई।""
""सोमवार को, छह महीने के लिए एक विशेष प्रकार का सरकारी कागज खरीदने पर आपको मिलने वाली धनराशि थोड़ी बढ़ गई। यह 7.90% से बढ़कर 8.04% हो गई.""",0.88
HIN-test-00528,"""वैश्विक बाजार में तेजी अंतरराष्ट्रीय बाजार में तेजी के चलते तमाम एशियाई बाजारों में बढ़त देखने को मिल रही है।""
""इससे पहली छमाही (अप्रैल-सितंबर) में वृद्धि दर 4.75 प्रतिशत रही जो कई साल का न्यूनतम स्तर है।""",0.54
HIN-test-00806,"""सभी उपयुक्त कागजी कार्रवाई को मान्य किया गया है।""
""सभी आवश्यक कागजात की जांच कर ली गयी है और उनके सही होने की पुष्टि की गयी है.""",0.78
HIN-test-00181,"""मुंबई: अपनी बीमारी से उबरकर ऋषि कपूर एक बार फिर फिल्मों में वापसी के लिए तैयार हैं।""
""ऐसे में अजय ने एक बार फिर फिल्म से जुड़ी तस्वीर शेयर की है।""",0.48
HIN-test-00355,"""राजधानी मस्कट में सोमवार को अचानक आई बाढ़ में चोयल का ट्रक बह जाने के बाद से दो अन्य भारतीय कामगार अभी भी लापता हैं।""
""मस्कट शहर में सोमवार को अचानक आई बाढ़ में चोयल का ट्रक बह जाने के बाद भारत के दो और श्रमिकों का पता नहीं चल पाया है।""",0.81
HIN-test-00102,"""कुछ दिन तो लड़की ने उसके जुल्मों को बर्दाश्त किया , लेकिन बाद में उसने अपने परिवार को बता दिया।""
""पीडित परिवार दिल्ली में पलायन कर गया और पुलिस थाने पर इस मामले की कोई सूचना नहीं दी गई।""",0.4
HIN-dev-00093,"""खाद्य विभाग की टीम को सूचना देकर बुला लिया गया है, जो पनीर की जांच कर रही है।""
""पिछली बार टूर्नामेंट में नजर आए सलमान बट को इस बार किसी ने नहीं खरीदा।""",0.12
HIN-dev-00148,"""वृत्त निरीक्षक महिपाल सिंह सिसोदिया ने बताया कि यह माल राज नगर से चित्तौडग़ढ़ ले जाया जा रहा था।""
""महानगर में काइम की वारदातें थमने का नाम नहीं ले रही है।""",0.39
HIN-test-00663,"""ग्वालियर में बुधवार को पूर्व मुख्यमंत्री कमलनाथ की मौजूदगी में बाबूलाल चौरसिया कांग्रेस में शामिल हुए।""
""इसी तरह 2014 के लोकसभा चुनाव में कांग्रेस नेता मणिशंकर अय्यर की मोदी को चायवाला बताने की टिप्पणी रही।""",0.41
HIN-test-00805,"""वर्कफ्रंट की बात करें तो कार्तिक 'दोस्ताना 2' और 'भूल भुलैया 2' में नज़र आएंगे।""
""सलमान ख़ान के छोटे भाई अरबाज़ ख़ान ने 'दबंग 2' के साथ डायरेक्टोरियल पारी शुरू की।""",0.44
HIN-test-00628,"""अनुभवी ऑफ स्पिनर हरभजन सिंह पिछले कुछ समय से टीम इंडिया में वापसी की कोशिश में जुटे हुए हैं।""
""हरभजन फिलहाल आईपीएल-10 में मुंबई इंडियंस के लिए खेलने में व्यस्त हैं।""",0.74
HIN-dev-00090,"""अंतर्राष्ट्रीय परमाणु ऊर्जा संस्था भविष्य में अपने प्रश्न पूछने के अधिकार को गवां सकती है।""
""भविष्य में, अंतर्राष्ट्रीय परमाणु ऊर्जा एजेंसी अब प्रश्न पूछने में सक्षम नहीं होगी।""",0.8
HIN-test-00968,"""ऐसे में ये घटना कई सवाल खड़े कर रही है।""
""इस मामले की जांच की जा रही है।""",0.5
HIN-dev-00119,"""क्रिकेट की अन्य खबरों के लिए यहां क्लिक करें""
""सेंसेक्स की तीस कंपनियों में 19 के शेयर लाभ में रहे, जबकि 11 में गिरावट दर्ज हुई।""",0.05
HIN-test-00579,"""उज्जैन-इंदौर में भारी बारिश से जनजीवन अस्त व्यस्त""
""मध्य प्रदेश में लगातार दो दिन से हो रही बारिश की वजह से कई शहरों का बुरा हाल हो गया है।""",0.71
HIN-test-00802,"""कुरैशी और बोपन्ना को अमेरिका के ब्रायन बंधुओं-बॉब और माइक ने कड़े मुकाबले में 7-6, 7-6 से हराया था।""
""अमेरिका ने रियो ओलंपिक 2016 में साइकिलिंग में दो स्वर्ण सहित पांच पदक जीते थे।""",0.41
HIN-test-00937,"""इस उपचार पर मूल रूप से 1990 में हस्ताक्षर किए गए थे।""
""यह समझौता 1990 में हुआ था.""",0.71
HIN-test-00915,"""पढ़ेंः पी-नोट के जरिये निवेश के कड़े नियम लागू""
""रक्षा मंत्रालय ने ईरान की इस गतिविधि की निंदा करते हुए इसे असुरक्षित और गैरपेशेवराना बताया है।""",0.23
HIN-test-00832,"""कर्नाटक विधानसभा चुनाव के नतीजों की तस्वीर लगभग साफ हो चुकी है।""
""किसी भी पार्टी को बहुमत का जादुई आंकड़ा मिलते हुए नहीं दिख रहा है।""",0.69
HIN-test-00526,"""ओबीसी के लिए 35 और एसएसी एवं एसटी के लिए 37 वर्ष है।""
""पुलिस ने दोनों को गुरूवार को गिरफ्तार कर लिया।""",0.15
HIN-dev-00038,"""एप्पल आईफोन के नए डिवाइस लॉन्चिंग के लिए उल्गी गिनती शुरू हो चुकी है।""
""एप्पल ने अपने सैन जोस स्थित मुख्यालय में 10 सितंबर को एक भव्य कार्यक्रम का आयोजन रखा है।""",0.77
HIN-test-00554,"""लेकिन कहते है कि जुर्म कितना भी छुपाओ एक दिन सामने आ ही जाता है।""
""पुलिस की पूछताछ में सामने आया है कि दोनों आरोपी हाइवे पर लाखों रुपए की वसूली कर चुके हैं।""",0.38
HIN-test-00880,"""हालांकि, मैं चाहूंगा कि वह राष्ट्रपति बने।""
""हालाँकि, मैं बिलकुल नहीं चाहता कि वह राष्ट्रपति बने।""",0.84
HIN-test-00169,"""कारोबारी ने कोतवाली सेक्टर 39 पुलिस को घटना की सूचना दी।""
""एसएसपी, एएसपी समेत भारी पुलिस बल मौके पर पहुंचा।""",0.4
HIN-dev-00110,"""उनके मुताबिक इस दौरान आईं चुनौतियों से निपटना उन्हें अच्छा लगा।""
""आशा ने वेब सीरीज 'अभय 2' में यह भूमिका निभाई है।""",0.23
HIN-test-00762,"""स्मृति ईरानी को कविता कौशिक का खुला पत्र""
""केंद्रीय मानव संसाधन विकास मंत्री स्मृति ईरानी को टीवी एक्ट्रेस कविता कौशिक ने एक खुला पत्र लिखा है।""",0.75
HIN-test-00204,"""उस समय सरकार ने कहा था कि एक नवंबर 2017 तक इस मामले में अंतिम फैसला ले लिया जाए।""
""केन्द्र एवं राज्य में बीजेपी की सरकार है।""",0.54
HIN-test-00172,"""समूह एक्स पी ने फारस की खाड़ी और इराक में अन्य शिया साइटों पर इसी तरह के हमले किए थे।""
""ग्रुप एक्सपी ने फारस की खाड़ी और इराक में शिया लोगों के अन्य स्थानों पर भी इसी तरह के हमले किए हैं।""",0.87
HIN-test-00783,"""उनकी इस फिल्म को दर्शकों से काफी सराहना हासिल हुई थी।""
""अगली स्लाइड में देखिए उर्वशी और पुलकित का नया गाना:-""",0.47
HIN-test-00446,"""टीम प्रबंधन की मानें तो खिलाड़ियों पर से दबाव कम करने के लिए ऐसा किया गया है।""
""टीम सोमवार से अभ्यास करेगी।""",0.71
HIN-test-00901,"""उनका कहना है कि उनकी फिल्म लद्दाख में फिल्माई जाएगी।""
""जिसकी शूटिंग जुलाई में शुरू करेंगे।""",0.7
HIN-test-00436,"""मारुति के बाद अब इस बड़ी कंपनी की कारें होंगी महंगी, लागत बढ़ने पर लिया फैसला""
""कच्चे माल की कीमतों में बढ़ोतरी का असर ऑटो सेक्टर पर लगातार देखने को मिल रहा है।""",0.56
HIN-dev-00231,"""सरकार का मानना है कि इससे निपटने के लिए भारत पूरी तरह तैयार है।""
""इसके बावजूद वित्त मंत्रालय ने किसी भी अनहोनी से निपटने के लिए चौकस रहने का भरोसा दिया है।""",0.58
HIN-dev-00019,"""सूचना पर पुलिस ने मिलावट खोरों के खिलाफ कार्रवाई करते हुए फैक्ट्री पर छापा मारा।""
""करधनी थाना पुलिस ने जुआ खेलते छह जनों को सोमवार को गिरफ्तार किया है।""",0.44
HIN-test-00804,"""इसके अलावा तिलोत्तमा और कोंकणा के पूर्व पति रणवीर शौरी भी फिल्म में हैं।""
""जीजा और दोस्तों के हवाले की पत्नी]""",0.25
HIN-test-00660,"""अगर आपका डिटेल मैच करेगा तो आपको यह मैसेज देखने को मिलेगा।""
""इस साल के अंत तक स्पूतनिक वी की 85 करोड़ डोज बनाने का लक्ष्य रखा गया है।""",0.08
HIN-dev-00192,"""हमने पाया कि लोन बुक का दो-तिहाई हिस्सा कोलैटरल, रिस्क वेटेज एसेट्स आदि के लिहाज से फेल कर जाएगा।""
""हमने इस मुद्दे को लेकर भारत व्यापार बंद का आह्वान किया है।""",0.39
HIN-test-00460,"""पाकिस्तान में हिंदू धार्मिक उत्पीड़न का शिकार होते हैं।""
""उनकी महिलाओं से दुष्कर्म होता है।""",0.46
HIN-test-00363,"""यह वृत्तांत अटॉर्नी जनरल के कार्यालय की अंतिम आख्या पर आधारित है।""
""यह कहानी अटॉर्नी जनरल के कार्यालय नामक एक बहुत ही महत्वपूर्ण कार्यालय से एक बड़ी रिपोर्ट की पुनर्कथन की तरह है।""",0.75
HIN-test-00255,"""उसमें यात्रा से जुड़ा रूट मैप और उपस्थित होने वाले अतिथियों की सूची भी दी गई है।""
""पंजाब पुलिस ने जम्मू-कश्मीर के बदले हालात और स्वतंत्रता दिवस के मद्देनजर पूरे राज्‍य में चौकसी बढ़ा दी है।""",0.35
HIN-test-00209,"""अप्रैल, 2017 में पुलिस ने दिनाकरन को गिरफ्तार किया था और बाद में कोर्ट से जमानत मिल गई थी।""
""माना जा रहा है कि अभी अनुशासन समिति को दुष्यंत पर कार्रवाई का कोई आधार नहीं मिल रहा है।""",0.44
HIN-test-00582,"""अंतरराष्ट्रीय; दूरसंचार; तकनीकी; अपराध; नेता; मीडिया; मतभेद""
""अंतर का मतलब है कि दो चीजें एक जैसी नहीं हैं, उनमें कुछ ऐसा है जो उन्हें अद्वितीय या एक-दूसरे से अलग बनाता है।""",0.23
HIN-test-00770,"""बॉलीवुड में नायिकाओं पर केंद्रित फिल्में बनना कोई नई बात नहीं है।""
""बॉलीवुड एक्ट्रेस दिशा पाटनी ने 13 जून को अपना 28वां जन्मदिन सेलिब्रेट किया।""",0.42
HIN-dev-00102,"""राजन को भारतीय व ग्लोबल अर्थव्यवस्था की स्थिति के बारे में खुलकर राय रखने के लिए जाना जाता है।""
""भारतीय रिजर्व बैंक (आरबीआई) के अधिकारियों के एक लेख में यह कहा गया है।""",0.48
HIN-test-00482,"""जिनके कब्जे से लूटी गई कार को भी बरामद कर लिया गया है।""
""उन्होंने बताया कि गुतारेस ने अपराधियों को गिरफ्तार करके सजा दी जाने की मांग की है।""",0.41
HIN-test-00630,"""चंडीमल चाहते हैं कि उनकी टीम इस बार ऐतिहासिक जीत दर्ज करने में कामयाब हो पाए।""
""टीम इंडिया के लिए इंग्लैंड के गेंदबाजों से पार पाना आसान नहीं होने वाला है।""",0.44
HIN-dev-00173,"""बिना रजिस्ट्रेशन प्रैक्टिस करने वाले आयुर्वेदिक चिकित्सकों की खैर नहीं""
""उत्तर प्रदेश में आयुर्वेद चिकित्सकों को अब बिना पंजीकरण के इलाज करना महंगा पड़ेगा।""",0.86
HIN-dev-00034,"""'जय गंगाजल' के सेट पर प्रियंका चोपड़ा से हुई बड़ी चूक, फूट-फूट कर रो पड़ीं""
""प्रियंका चोपड़ा इस वक्त अपने करियर के काफी अच्छे दौर से गुजर रही हैं।""",0.52
HIN-test-00812,"""ये कैसी जलन, चाची ने नवजात को अस्पताल की छत से फेंका""
""इससे पहले कुमारस्वामी 30-30 महीने के सरकार के नेतृत्व के फॉर्मूले को खारिज कर चुके हैं।""",0.12
HIN-dev-00225,"""परिणामस्वरूप हमने यह निर्णय लिया है।""
""दुर्घटना के परिणामस्वरूप यह निर्णय लिया गया है।""""",1.0
HIN-test-00715,"""पुलिस फुटेजों के आधार पर चोरों की तलाश कर रही है।""
""साथ ही मिट्टी के 48 बर्तन भी मिले, जिनमें से पांच अब भी लगभग सही-सलामत हैं।""",0.44
HIN-dev-00108,"""आप सभी ने इस कहानी को बदल दिया है।""
""आप सभी ने अंत में कहानी को अलग बना दिया।""",0.91
HIN-test-00409,"""अधिकारियों की सलाह पर महिला ने नेताजी के खिलाफ थाने में मामला दर्ज कराया।""
""एसीबी ने मामले का सत्यापन कराया जो सही पाया गया।""",0.5
HIN-test-00296,"""पौराशपुर' में अन्नू कपूर, मिलिंद सोमन, शहीर शेख और फ्लोरा सैनी ने भी अभिनय किया है।""
"" लेकिन रणबीर कपूर अब संजय दत्त की बायोपिक की तैयारी कर रहे हैं।""",0.5
HIN-test-00137,"""एसओजी ने बड़ी कार्रवाई करते हुए गुरूवार को अवैध शराब की तस्करी के मामले में एक आरोपी गिरफ्तार किया।""
""गिरफ्तार आरोपी अशोक विश्नोई है।""",0.62
HIN-test-00957,"""जिनमें तीन सुसाइड केस की सच्ची घटनाएं और चार इन्डेप्थ केस की कहानियां दिखाई गई।""
""बार काउंसिल ने कहा है कि इससे 'विधायिका और न्यायपालिका के बीच समन्वय बनाने में मदद मिलेगी।""",0.17
HIN-test-00624,"""अभिनय के साथ कंगना रनौत अपनी फिटनेस के लिए भी जानी जाती हैं।""
""सोशल मीडिया पर उनकी फिटनेस वाली फोटोग्राफ भी आती रहती हैं।""",0.65
HIN-test-00823,"""प्रधानमंत्री नरेंद्र मोदी 53वीं बार 'मन की बात' कर रहे हैं।""
""इस बार कार्यक्रम की शुरुआत उन्होंने पुलवामा हमले का जिक्र करते हुए शहीदों को श्रद्धांजलि अर्पित कर की।""",0.54
HIN-dev-00195,"""तीन मंत्रियों पर आचार संहिता का उल्लंघन करने की शिकायत दर्ज कराई""
""कांग्रेस जयपुर जिलाध्यक्ष प्रताप सिंह खाचरियावास ने अजमेर जिला निर्वाचन अधिकारी को पत्र लिखा है।""",0.36
HIN-dev-00261,"""विरोध करने पर उसे व उसके परिवार को धमकी दी।""
""किसी को बताने पर जान से मारने की धमकी देकर बुधवार सुबह छोड़ दिया।""",0.59
HIN-test-00856,"""साथ ही इस फिल्म के कॉन्सेप्ट ने फैंस का दिल जीत लिया था।""
""लेकिन ऐसे यात्रियों का टोटा है।""",0.13
HIN-test-00202,"""इन दिनों उनके पास फिल्म के ऑफर्स के लिए खूब लाइने लगी हुई हैं।""
""कई फिल्मों पर वह काम भी कर रहे हैं।""",0.54
HIN-test-00742,"""बॉलीवुड अभिनेत्री सोनम कपूर के लिए फोम के गद्दे परेशानी का सबब ही रहे हैं।""
""इन गद्दों के साथ उनकी तकलीफदेह यादें जुड़ी हुई हैं।""",0.54
HIN-test-00870,"""सांगानेर थाना पुलिस मामले की जांच कर रही है।""
""पुलिस ने कोर्ट में लगे सीसीटीवी कैमरे भी खंगाले।""",0.4
HIN-test-00487,"""व्यापारियों ने आज दिल्ली बंद बुलाया है।""
""दिल्ली के सभी मेन बाजार पूरी तरह बंद है और हर जगह सन्नाटा छाया है।""",0.77
HIN-dev-00105,"""पुलिस ने आरोपी 40 वर्षीय गार्ड को गिरफ्तार कर लिया है।""
""परेशान होकर पीडि़ता ने पुलिस की शरण ली।""",0.25
HIN-test-00717,"""लेकिन इस तरह के झटकेदार लेख वास्तव में सिना ब्लॉग द्वारा शीर्ष पर रखे जाना, वास्तव में अनुचित हैं !""
""यह घटिया लेख अच्छा नहीं है और यह पहली चीज़ नहीं होनी चाहिए जिसे लोग सिना ब्लॉग पर देखें।""",0.75
HIN-test-00720,"""अमेरिकी विदेश मंत्री कोंडोलीज़ा राइस ने रूस से अपनी सेना वापस लौटाने की मांग की।""
""अमेरिकी विदेश मंत्री, जो अमेरिकी सरकार के प्रवक्ता की तरह हैं, ने रूस से कहा कि उन्हें अपने सैनिकों को घर वापस लाने की जरूरत है।""",0.69
HIN-test-00359,"""संयुक्त राज्य अमेरिका और कुछ यूरोपीय देशों का मानना है कि ईरान की परमाणु परियोजनाएँ परमाणु हथियार बनाने के उद्देश्य से हैं।""
""संयुक्त राज्य अमेरिका और यूरोप के कुछ देशों को लगता है कि ईरान अपनी परमाणु परियोजनाओं से परमाणु हथियार बनाना चाहता है।""",0.92
HIN-test-00175,"""जिस तरीके के शॉट हम लोगों ने लगाए वह ठीक नहीं थे।""
""मंदीप और ग्रेंडहोम ने दिखाया कि अगर अंत तक टिका जाता तो लक्ष्य को पाया जा सकता था।""",0.19
HIN-dev-00276,"""इस गाड़ी का प्रयोग चुनाव प्रचार में इस्तेमाल किया जा रहा है।""
""पूर्व विधायक ने इसकी शिकायत चुनाव आयोग से भी की है।""",0.52
HIN-test-00433,"""वास्तव में, मुझे लगता है कि उदारवादी/स्वतंत्र मतदाता भी गलत हैं, लेकिन मैं गलत हो सकता हूं।""
""दरअसल, मेरा मानना है कि आप उदारवादी/स्वतंत्र वोट देने वाले भी गलत हैं, लेकिन मैं गलत हो सकता हूं।""",0.99
HIN-test-00050,"""मास्टर ब्लास्टर सचिन तेंदुलकर ने अपनी आत्मकथा में पूर्व कोच ग्रेग चैपल को बेनकाब तो कर दिया।""
""लेकिन, अब भारतीय क्रिकेट टीम के पूर्व कोच ग्रेग चैपल ने सचिन पर जमकर भडास निकाली है।""",0.82
HIN-dev-00104,"""बांमबार्डयिर विमान की छोटी उड़ान में मेलानिया के मां-बाप न्यू जर्सी से उनके साथ हो गयीं।""
""टंप अपने गोल्फ कोर्स में यहां अपना सप्ताहांत बिताने के लिये आये थे।""",0.17
HIN-test-00750,"""याद रखना चाहिए कि भाजपा ने ही उन्हें तीन बार मुख्यमंत्री बनाया।""
""सूर्यकांत ने राज्य में भाजपा और तृणमूल विरोधी ताकतों का समग्र मंच बनाने का आह्वान किया है।""",0.56
HIN-test-00705,"""पढ़ेंः ओला बंद करेगी 'टैक्सी फोर श्योर', 700 कर्मचारियों की होगी छंटनी!""
""जांच के बाद यह सूचना अफवाह निकली।""",0.35
HIN-test-00450,"""पुलिस के मुताबिक, पीड़ित महिला की मेडिकल जांच कराई जा रही है।""
""वही पुलिस ने इन लोगों से करीब सौ से भी ज्यादा कबूतर बरामद किया गया है।""",0.29
HIN-test-00626,"""हमने हेलसिंकी से कुओर्टेन तक का सफर एक साथ एक ही कार में किया।""
""हमने इस दौरान भाला, परिवार और अन्य चीजों के बारे में बहुत सारी बातें कीं।""",0.44
HIN-test-00588,"""आज गाजा की सड़कों पर, शिखर सम्मेलन और शांति की बात बहुत से फिलिस्तीनी सुनना चाहते थे।""
""शिखर सम्मेलन और शांति की बात आखिरी बात थी जिसे आज गाजा की सड़कों पर, बहुत से फिलिस्तीनी उपदेश चाहते थे।""",0.94
HIN-test-00555,"""पुलिस ने गुरुवार रात विशाल को धर-दबोचा।""
""पीडि़त ने पुलिस को कुछ बदमाशों के नाम बताए है।""",0.42
HIN-test-00455,"""इस योजना के जरिए ऐसे लोगों को को पूरी तरह से खाद्य सुरक्षा मिल पाएगी।""
""उन्होंने कहा, हम युद्ध नहीं होने देंगे।""",0.12
HIN-test-00525,"""गौतमबुद्धनगर से सांसद महेश शर्मा के मोदी कैबिनेट में जगह नहीं मिलने से उनके समर्थकों को निराशा हाथ लगी है।""
""उन्होंने इस संकट की घड़ी में निराश्रितों की मदद के लिए हाथ बढ़ाया है।""",0.34
HIN-test-00616,"""वहीं पिछले साल के मुकाबले 26 फीसदी की गिरावट रही है।""
""इसी प्रकार एफएमसीजी क्षेत्र में यह इजाफा 8 से 10 फीसद और प्रौद्योगिकी में 5 से 7 फीसद रही है।""",0.33
HIN-test-00614,"""हैरान कर देने वाली है किम के जन्‍मदिन पर शांति यह अपने आप में काफी हैरानी वाली बात है।""
""उत्तर कोरिया की समाचार एजेंसी केसीएनए पर भी उनके जन्‍मदिन को लेकर कोई खबर नहीं है।""",0.64
HIN-dev-00098,"""मैंने जितने भी उदाहरण देखे, मैं केवल एक ही बात से सहमत हूं, कि वह बम है जो अरब को उड़ा रहा है।""
""मैंने जो कुछ भी देखा है, उनमें से केवल एक चीज है जिससे मैं सहमत हूं, और वह यह है कि अरब में एक बम विस्फोट कर रहा है।""",0.88
HIN-test-00161,""" ये फोटो इंटरनेट पर खूब वायरल हो रही है।""
""केदारनाथ से बॉलीवुड डेब्यू करने वाली सारा अली खान खूब सुर्खियों में हैं।""",0.37
HIN-test-00831,"""साइबर हमलों ने सरकार और कॉर्पोरेट कंप्यूटर नेटवर्क को नुकसान पहुंचाया।""
""बुरे लोग कंप्यूटर पर ऐसे काम करते हैं जो सरकार और बड़ी कंपनियों द्वारा उपयोग किए जाने वाले कंप्यूटरों को नुकसान पहुंचा सकते हैं।""",0.79
HIN-test-00615,"""रूस ने साइबर हमलों में शामिल होने से इनकार किया है।""
""रूस ने कहा है कि ख़राब कंप्यूटर हमले उन्होंने नहीं किए.""",0.85
HIN-test-00432,"""शरमन जोशी ने भी कहा था कि अगर संभव हुआ तो वो इस फिल्म में नजर आएंगे।""
""इस फिल्म में उनके साथ कैटरीना कैफ और अनुष्का शर्मा भी थीं।""",0.56
HIN-test-00895,"""केन्या में यूक्रेनी राजनयिक ओलेह बेलोकोलोस ने कहा -""
""यह बात केन्या में यूक्रेनी राजनयिक ओलेग बेलोकोलोस ने कही।""",0.72
HIN-test-00014,""" जोया से इस बारे में बात नहीं हो सकी।""
""जिनको लेकर विरोध है।""",0.24
HIN-test-00017,"""खुला अय्याश बाबा का राज,औरतों को यूं फंसाती थी शिष्याएं""
""चांदी सिक्का लिवाल 80,000 रुपए और बिकवाल 81,000 रुपए प्रति सैकड़ा पर टिका रहा।""",0.04
HIN-test-00953,"""दुनियाभर में विश्व पर्यावरण दिवस मनाने का उद्देश्य लोगों में पर्यावरण के प्रति जागरूकता पैदा करना है।""
""मैं उन लोगों के खिलाफ कार्रवाई चाहता हूं जिन्होंने ट्विटर एकाउंट को ब्लॉक किया है।""",0.14
HIN-test-00570,"""साल के दौरान सोने की कीमतों में 1,870 रुपए यानी 6.15 प्रतिशत की बढ़त दर्ज की गई है।""
""इसी तरह एनएसई निफ्टी 44.95 अंक अथवा 0.38 प्रतिशत कमजोर रहकर 11,920.65 अंक पर चल रहा है।""",0.5
HIN-test-00778,"""फेसबुक ने हालांकि इन शिकायतों पर अभी कोई बयान नहीं दिया है।""
""हालांकि कई जगह अमेरिकी ट्रंप की कार्रवाई पर खुशी जाहिर करते भी नजर आए।""",0.29
HIN-test-00349,"""यह भी पढ़ें: ऑटो सेक्टर की बिक्री सुधरी, जानिये जून में कैसा रहा कंपनियों का प्रदर्शन""
""देखना होगा कि एचिलेस नामक इस बिल्ली की भविष्यवाणियां कितनी सही साबित होती हैं।""",0.17
HIN-dev-00191,"""शनिवार को दिए गए एक फैसले में न्यायाधीश ने रांझा को 50,000 रुपये (करीब 870 अमेरिकी डॉलर) का जुर्माना भी भरने का आदेश दिया।""
""शनिवार को एक जज ने फैसला सुनाया और कहा कि रांझा को सजा के तौर पर 50,000 रुपये देने होंगे. 50,000 रुपये लगभग 870 अमेरिकी डॉलर के बराबर है।""",0.84
HIN-test-00638,"""इससे पहले कंपनी ने 2017 में 700 करोड़ रुपए जुटाने के लिए सेबी के पास आईपीओ दस्‍तावेज जमा कराए थे।""
""वित्त वर्ष 2016-17 के दौरान कंपनियों ने शेयर बाजारों के जरिए 51,120 करोड़ रुपए जुटाए थे।""",0.65
HIN-test-00916,"""गणित के सहायक प्रोफेसर के रूप में जैन नवोदित शिक्षकों का समर्थन करते हैं।""
""वह अब अपने जिले में पाठ्यक्रम निदेशक के रूप में सहकर्मियों का नेतृत्व करते हैं।""",0.63
HIN-test-00145,"""इसे लेकर कोई संदेह नहीं है।""
""बता दें कि प्रशासन ने सभी बंदियों को अनुच्छेद-370 हटाने से पहले ही हिरासत में लेकर होटल में रखा था।""",0.37
HIN-test-00087,"""उसके ‘आपत्तिजनक व्यवहार’ के कारण 2010 में ब्रिटेन में उसके प्रवेश पर प्रतिबंध लगा दिया गया था।""
""इस दौरान टीम वहां एक टेस्ट और तीन एकदिवसीय मैच की द्विपक्षीय श्रृंखला खेलेगी।""",0.34
HIN-test-00836,"""उन्होंने कहा है कि वो हमेशा से ही नए टैलेंट पर भरोसा करते आये हैं।""
""मगर अब फाइनली उनके पास एक ऐसी स्क्रिप्ट है, जिसको लेकर वो और अमिताभ दोनों खुश हैं।""",0.42
HIN-test-00627,"""स्फूर्ति योजना के जरिये हाड़ौती के कैथून में खादी का केंद्र भी बनेगा।""
""जिसके जरिए 500 बुनकरों को रोजगार भी मिल पाएगा।""",0.73
HIN-test-00738,"""यह भविष्य में टार्गेटेड थेरेपी के दौरान कुछ मरीजों के लिए बेहद फायदेमंद साबित हो सकता है।""
""प्रोफेसर जेनिफर आर ग्रांडिस ने कहा, ‘इन दवाओं का मजबूत असर देखा गया है।""",0.77
HIN-test-00230,"""जिसमें वो जीत हासिल कर एक बार फिर लय पकड़ना चाहेंगे।""
""फिर मैंने इसे उस घर में लगाया जहां चार-पांच महीने के लिए खाना बनाया गया।""",0.26
HIN-test-00426,"""इसके साथ ही वीआइपी सुरक्षा दस्तों के लिए अलग से चार पंडाल बनाए जा रहे हैं।""
""पैसे मांगने पर बार-बार बहाने बनाए जाते रहे हैं।""",0.12
HIN-test-00383,"""फिल्म ने एक सप्ताह पूरा होने से पहले ही 100 करोड की कमाई कर ली है।""
""फिल्म ने 7 दिनों में वल्र्ड वाइड 105.71 करोड की कमाई कर ली है।""",0.62
HIN-test-00457,"""वह मध्य पूर्व में शांति की राह पर चलना जारी रखेंगे।""
""वह मध्य पूर्व में लोगों को दोस्त बनाने की कोशिश करते रहेंगे न कि लड़ाई करने की।""",0.83
HIN-test-00749,"""महंगाई भत्ता समय-समय पर केंद्र सरकार की ओर से बढ़ाया जाता है।""
""जबकि अन्य सभी भत्तों का भुगतान मौजूदा दरों पर किया जाएगा।""",0.37
HIN-test-00558,"""श्रद्धा कपूर अपनी अपकमिंग फिल्म 'एबीसीडी 2' का प्रामोशन करने मलेशिया तक पहुंच गई है।""
""माना जा रहा है कि गुरुवार को भी शुभ मंगल ज्यादा सावधान 2 करोड़ के आसपास कमाई कर सकती है।""",0.46
HIN-test-00332,"""रीयल्टी, पावर और आइटी को छोड़कर इस दिन बीएसई के अन्य सभी सूचकांक गिरावट के साथ बंद हुए।""
""वैश्विक स्तर पर न्यूयॉर्क में सोना सप्ताहांत में गिरावट दर्शाता 1,322.60 डॉलर प्रति औंस पर बंद हुआ।""",0.57
HIN-test-00892,"""' इस प्ले को देखने के लिए राजनीति और फिल्म जगत की कई हस्तियां पहुंचेंगी।""
""फिल्म का नाम अभी तय नहीं है।""",0.59
HIN-test-00205,"""12 मैच में 5 जीत के साथ 10 अंक हैं और वह अंक तालिका में 7वें पायदान पर है।""
""इस दौरान 5 मैचों की टी20 सीरीज और 3 मैचों की अंत में वनडे सीरीज भी खेली जाएगी।""",0.46
HIN-dev-00036,"""फिल्म के निर्माताओं की योजना इसे मार्च, 2021 में रिलीज करने की है।""
""एक मूलभूत अर्थ में, भारत और लैटिन अमेरिका का आर्थिक मेलजोल बढ़ता जा रहा है,""",0.17
HIN-dev-00204,"""पुलिस मामले की जांच कर रही है।""
""राजधानी जयपुर में खो नागोरियन थाना पुलिस ने बड़ी कार्रवाई करते हुए दो वाहन चोर को गिरफ्तार किया है।""",0.33
HIN-test-00242,"""कोस्टा ने कहा कि यह प्रभाव प्रचुरता का था जिससे कीमत कम हो रहा था,जो लगभग 20 प्रतिशत कम हो गया था।""
""कोस्टा ने कहा कि क्योंकि बहुत कुछ था, कीमत लगभग 20 प्रतिशत कम हो गई।""",0.72
HIN-test-00722,"""नहरी विभाग में कई पोस्ट खाली, कई - कई दिन तक नहीं आते अधिकारी""
""जिला मुख्यालय के नहरी विभाग के आलाधिकारियों कि पोल खुलती नजर आई नेहरी विभाग के कर्मचारियों ने अपने ही विभाग की पोल खोल दी।""",0.65
HIN-test-00929,"""वरुण के जन्मदिन पर उनके दोस्तों से सोशल मीडिया के जरिए ढेक सारी शुभकामनाएं दी हैं।""
""इस फिल्म में उनके साथ एक्टर वरुण धवन, कियारा आडवाणी और अनिल कपूर भी नज़र आएंगे।""",0.46
HIN-test-00026,"""विकास की यही कोशिश होती है कि वह बाहर आकर पुलिस को बुलाए।""
""इस फिल्म में टाइगर श्रॉफ जबरदस्त एक्शन में दिखाई देंगे, इस फिल्म का निर्देशन विकास बहल कर रहे हैं।""",0.38
HIN-test-00381,"""यह सिर्फ आधुनिक चीन की एक विशेषता है, इस बारे में हम कुछ भी नहीं कर सकते।""
""यह बस कुछ ऐसा है जो आजकल चीन में होता है, और इसे बदलने के लिए हम कुछ नहीं कर सकते।""",0.71
HIN-test-00125,"""हम गहरे सदमे में हैं, हमने अपने बच्चों को कभी नहीं मारा।""
""हम प्रशिक्षुओं में हैं, हमने अपने बच्चों को कभी नहीं मारा।""",0.72
HIN-test-00960,"""सलमान खान की अपकमिंग फिल्म रेस-3 का ट्रेलर कल शाम को रिलीज कर दिया गया।""
""रिलीज के बाद ट्रेलर यू-ट्यूब पर नंबर एक पर ट्रेंड कर रहा है।""",0.83
HIN-test-00425,"""लेकिन आपको यह समझना होगा कि ये घटनाएं 35 साल पहले हुई थीं।""
""लेकिन आपको यह जानना होगा कि ये चीजें बहुत समय पहले, लगभग 35 साल पहले घटित हुई थीं।""",0.87
HIN-test-00186,"""बॉलीवुड अभिनेत्री अनुष्का शर्मा सोशल वर्क करती रहती हैं।""
""हाल की में कोरोना के समय में भी विराट और अनुष्का लोगों की मदद के लिए आगे आए थे।""",0.68
HIN-test-00538,"""पकडे गए युवकों में से 2प्रॉपर्टी डीलर, एक अकाउंटेंट और एक निजी कंपनी का कर्मचारी है।""
""इनकम टैक्स विभाग मामले की जांच में जुटा है।""",0.54
HIN-test-00200,"""हालांकि भारत ने 10 और पाकिस्तान ने आठ चौके जमाए।""
""पुलिस ने मामला दर्ज कर बदमाशों की तलाश शुरू कर दी है।""",0.17
HIN-dev-00072,"""रूसी सैनिकों की उपस्थिति ने जॉर्जिया के साथ अपने द्वेषपूर्ण संघर्ष में अलगाववादी क्षेत्र का समर्थन किया।""
""जॉर्जिया के ख़िलाफ़ लड़ाई में रूसी सैनिकों ने विद्रोहियों की मदद की थी.""",0.81
HIN-test-00316,"""पेरू के सैन्य दस्तावेज में मादक पदार्थों की तस्करी के साथ पूर्व खुफिया प्रमुख मोंटेसिनो के संबंधों का खुलासा हुआ है""
""पेरू की सेना के एक पेपर से पता चलता है कि एक व्यक्ति जो गुप्त जानकारी इकट्ठा करने का प्रभारी हुआ करता था, वह अवैध नशीली दवाओं की गतिविधियों से जुड़ा था।""",0.88
HIN-test-00644,"""फरवरी में कंपनी की कुल बिक्री में 7.89 फीसद की कमी आई है।""
""कंपनी के पास ज्यादा नकदी होना अच्छा नहीं माना जाता है।""",0.41
HIN-test-00218,"""नीरज कई महीनों से कोमा में थे।""
""नीरज के छोटे भाई ने बताया कि अब वो नहीं रहे।""",0.67
HIN-test-00330,"""तीसरे सत्र में आने के कुछ देर बाद मयंक भी साउदी की गेंद पर आउट हो गए।""
""क्रुणाल ने आईपील में तीन पारियों में तीसरी बार डिविलियर्स को आउट कर पवेलियन भेजा।""",0.46
HIN-test-00351,"""आम आदमी के इस्तेमाल की अब केवल एक वस्तु सीमेंट 28 फीसदी कर के दायरे में है।""
""अब वह जून 2021 तक बैंक का नेतृत्व करती रहेंगी।""",0.18
HIN-test-00874,"""सोहेल की मौत की सूचना पाकर जब पुलिस घर पहुंची तो उसके गले पर दुपट्टा कसा हुआ था।""
""पीडिता को आरोपी का नाम याद नहीं है, इसलिए पुलिस उसका स्केच तैयार करा रही है।""",0.33
HIN-test-00733,"""पश्चिम बंगाल के कूचबिहार में एक और भाजपा कार्यकर्ता की हत्या कर दी गई है।""
""मृतक की शिनाख्त आनंद पाल (30) के रूप में की गई है।""",0.78
HIN-test-00514,"""रामगंज थाना पुलिस ने धारदार चाकू लेकर घूमते एक युवक को गिरफ्तार किया है।""
""पुलिस आरोपित का अपराधिक रिकोर्ड खंगाल रही है।""",0.55
HIN-test-00008,"""पुलिस ने आरोपियों के पास से अवैध हथियार और डकैती के काम आने वाली सामग्री जब्त की है।""
""सूचना पर पहुंची पुलिस ने लोगों की मदद से बच्चे को कुएं से बाहर निकाला।""",0.38
HIN-dev-00003,"""बात कर रहे हैं फिल्म 'दिलवाले' की, जिसमें वरुण धवन के साथ कृति की जोड़ी दिखी थी।""
""अभिनेता वरुण धवन ने कहा है कि अभिनेता-पहलवान ड्वेन जॉनसन हमेशा उनके हीरो रहेंगे।""",0.58
HIN-test-00088,"""पीडीपी के 29, नेशनल कांफ्रेंस के 15 और कांग्रेस के 12 विधायकों के अलावा पांच अन्य विधायक हैं।""
""नेकां, पीडीपी व कांग्रेस अगर आपस में मिलें तो कुल विधायक 56 होंगे।""",0.54
HIN-test-00352,"""यह कच्ची शराब बाजार में बेचने के लिए ले जाई जा रही थी।""
""घटनाक्रम के मुताबिक, करधनी निवासी रामचन्द टेकवानी की पत्नी व बेटी मंगलवार शाम को खरीदारी करने चांदपोल बाजार आई थी।""",0.17
HIN-test-00122,"""ऎश 20 और 21 मई को फेस्टिवल के रेड कार्पेट पर अपना जादू बिखरेंगी।""
""एक कॉस्मेटिक कंपनी के शूट के दौरान ऎश पहली बार भारतीय मूल की ब्रिटिश अभिनेत्री फ्रीडा पिंटो से मिलीं।""",0.56
HIN-test-00740,"""यही कारण है कि पार्टी के सामने चयन की बड़ी मशक्कत सामने है।""
""ये है ऐश्वर्या की सुसाइड की खबरों का सच""",0.1
HIN-test-00333,"""केन्या के रास्ते में हथियारों की खेप और केन्या और दक्षिण सूडान के बीच संभावित गैर क़ानूनी हथियारों के सौदे के संबंध में प्रश्न उठ रहे हैं।""
""लोग पूछ रहे हैं कि क्या केन्या को हथियार भेजना ठीक है और क्या केन्या और दक्षिण सूडान हथियारों के व्यापार के लिए गुप्त समझौता करके कुछ गलत कर रहे हैं।""",0.69
HIN-test-00183,"""आयकर विभाग का करदाताओं के प्रति भरोसा बढ़ता जा रहा है।""
""यही वजह है कि इनकम टैक्स रिटर्न यानी आइटीआर की स्क्रूटनी के मामलों में लगातार कमी आ रही है।""",0.54
HIN-dev-00077,"""शेयर बाजार में आई गिरावट""
""महंगाई को लेकर बढ़ती चिंता के बीच निवेशकों ने सोमवार को दलाल स्ट्रीट में बिकवाली जारी रखी।""",0.56
HIN-dev-00187,"""वैसे बता दें कि सनी लियोन जल्द ही शाहरुख खान की फिल्म में एक आइटम नंबर करते हुए नजर आएंगी।""
""वहीं निर्देशक फरहा खान ने लिखा कि गौरी ने परिवार के साथ बहुत अच्छा काम किया है।""",0.42
HIN-dev-00248,"""बिहार में अलग-अलग सडक़ हादसों में 4 की मौत""
""बिहार के मधुबनी और कैमूर जिले के अलग-अलग क्षेत्रों में सडक़ हादसों में चार लोगों की मौत हो गई।""",0.84
HIN-dev-00138,"""अंतर्राष्ट्रीय परमाणु ऊर्जा संस्था की योजना सतही है।""
""अंतर्राष्ट्रीय परमाणु ऊर्जा एजेंसी की योजना बहुत गहन या विस्तृत नहीं है।""",0.84
HIN-test-00340,"""धुंध से परेशान हैं, हिमाचल की पहाडियों का रूख करें""
""बोस ने कहा कि हो सकता है कि कोई ऐसा कर रहा हो।""",0.09
HIN-test-00081,"""पहले गुजरात का कर्जा माफ करो, तब देश की सोचो: शिवपाल""
""प्रदेश में मोदी या अन्य किसी की लहर नहीं है।""",0.39
HIN-test-00827,"""दिल्ली पुलिस में खत्म हो सकता है स्पेशल सीपी का पद""
""दिल्ली पुलिस में विशेष आयुक्त व संयुक्त आयुक्त स्तर के नौ वरिष्ठ अधिकारियों का तबादला कर दिया गया है।""",0.53
HIN-test-00187,"""पुलिस ने एफआईआर में अपहरण के साथ-साथ फिरौती के लिए अपहरण की धारा भी जोड दी।""
""पुलिस ने बताया कि चेन स्नेचिंग की वारदात सांगानेर निवासी प्रेम देवी (55) के साथ हुई।""",0.44
HIN-test-00326,"""सभी पुलिस अधिकारियों ने मूक बधिर छात्रों के साथ रक्षा बंधन का पर्व मनाया ।""
""अगले दो दिन में 206 ट्रेनें और आएंगी।""",0.15
HIN-test-00597,"""इस साल अब तक सुरक्षाबलों ने राज्य के विभिन्न हिस्सों में 237 आतंकियों को मार गिराया है।""
""इसके लिए राज्य सरकार लगातार गंभीर पैरवी कर रही है।""",0.56
HIN-test-00277,"""कई पश्चिमी सरकारों और प्रमुख हथियार नियंत्रण विशेषज्ञों ने कहा कि ईरान संयुक्त राष्ट्र सुरक्षा परिषद द्वारा आगे की क्षति से बचने का प्रयास कर रहा है।""
""कई देशों और हथियार नियंत्रण के बारे में बहुत कुछ जानने वाले महत्वपूर्ण लोगों ने कहा कि ईरान संयुक्त राष्ट्र सुरक्षा परिषद के साथ और अधिक समस्याओं को रोकने की कोशिश कर रहा है।""",0.74
HIN-test-00816,"""उनका दो मिनट का वीडियो बनाएं और लोगों के बीच प्रसारित करें।""
""चीन के कंफ्यूसिएस इंस्टीट्यूट और भारतीय सस्थानों के बीच किया गया समझौता भी है।""",0.15
HIN-test-00860,"""संयुक्त राज्य अमेरिका में विवेंडी यूनिवर्सल के अधिकारी शुक्रवार को विवेचना के लिए तुरंत उपलब्ध नहीं थे।""
""संयुक्त राज्य अमेरिका में विवेन्डी यूनिवर्सल के लोग शुक्रवार को इस बारे में बात नहीं कर पाए।""",0.76
HIN-test-00366,"""वह सोमवार को भोपाल आकर राजभवन में शपथ लेंगी।""
""माकपा नेता और मंत्री वी सिवनकुट्टी का शपथ पत्र चुनाव आयोग की वेबसाइट पर उपलब्ध नहीं था।""",0.55
HIN-test-00318,"""एनर्जी सेक्टर में 1.93 फीसदी, रियल्टी सेक्टर में 1.89 फीसदी, बैंकिग सेक्टर में 1.65 फीसदी, फार्मा सेक्टर में 1.47 फीसदी और आईटी सेक्टर में 1.2 फीसदी की गिरावट रही है।""
""निफ्टी में शामिल 39 स्टॉक आज गिरावट के साथ बंद हुए हैं।""",0.62
HIN-test-00421,"""विवादों के गुरु: नवजोत सिद्धू का अब अभिनंदन मामले पर विवादित बयान, कह दी ऐसी बात""
""पंजाब के कैबिनेट मंत्री पाकिस्‍तान को लेकर अपने बयानों को लेकर लगातार अपने विरोधियों के निशाने पर हैं।""",0.57
HIN-test-00286,"""जानिए- आखिर क्‍या बला है फानी, जो 10 लाख से अधिक लोगों की जिंदगी में लाया तूफान""
""बंगाल की खाड़ी में उठे चक्रवात फानी ने ओडिशा के पुरी में 245 किमी प्रति घंटे की रफ्तार से तांडव मचाया।""",0.69
HIN-test-00288,"""संघ प्रशासित पुडुचेरी में उपराज्यपाल किरण बेदी और कांग्रेस सरकार के बीच तकरार बढ़ गई है।""
""लोककल्याण मंत्री एम कंडासामी ने बेदी की कार्यशैली को कांग्रेस सरकार को बदनाम करने वाला बताया है।""",0.52
HIN-test-00265,"""वह हमला किसी रणनीति का हिस्सा नहीं था।""
""फिलहाल पुलिस ने इलाके में लगे सीसीटीवी कैमरों की फुटेज खंगालकर चोरों की तलाश शुरू कर दी है।""",0.48
HIN-test-00813,"""समुद्री डाकुओं ने लगातार वित्तीय आंकड़ों पर बातचीत करने की इच्छा व्यक्त की है।""
""पाइरेट्स ने कहा है कि वे इस बारे में बात करने को तैयार हैं कि वे कितना पैसा देंगे या प्राप्त करेंगे।""",0.77
HIN-test-00040,"""सायना को यिंग के खिलाफ खेले गए 19 मैचों में से 14 में हार मिली है।""
""भारत को इंग्लैंड के खिलाफ 4 अगस्त से पांच मैचों की टेस्ट सीरीज में खेलना है।""",0.28
HIN-test-00788,"""लोकसभा चुनाव 2014 में भारतीय जनता पार्टी ने दिल्ली की सभी 7 सीटों पर कब्जा जमाया था।""
""ज्यों-ज्यों मंदिर आकार लेगा, त्यों-त्यों उत्तरप्रदेश में विधानसभा चुनाव-2022 भी करीब आते जाएंगे।""",0.31
HIN-test-00766,"""डिविलियर्स के 51.25 के औसत और चार शतक व पांच अर्धशतक की मदद से 1025 रन हो गए हैं।""
""कोहली विदेशी दौरे पर बतौर कप्तान सर्वाधिक रन जुटाने के मामले में दूसरे स्थान पर आ गए हैं।""",0.38
HIN-test-00878,"""टेलीकॉम के बाद ई-कॉमर्स बिजनेस में उतरेंगे मुकेश अंबानी, एमेजॉन और वॉलमार्ट को मिलेगी टक्कर""
""एमेजॉन और वॉलमार्ट को टक्कर देने के लिए रिलायंस इंडस्ट्रीज ऑनलाइन शॉपिंग के क्षेत्र में कदम रखेगी।""",0.79
HIN-test-00439,"""पैराडाइज पेपर्स में किये गए खुलासे में भारत सहित कई देशों का नाम शामिल है।""
""इस मामले में बाजार नियामक सेबी भी अब एक्शन लेने को तैयार है।""",0.52
HIN-test-00139,"""मुझे नहीं पता यह कैसे बन गईं।""
""अब वो मराठी फिल्म के प्रोड्यूसर बन कर अपनी नई पारी शुरू कर रहे हैं।""",0.32
HIN-test-00291,"""मोदी के साथ योग करने की इच्छा इजरायली नेता ने प्रधानमंत्री मोदी के साथ योग करने की इच्छा जताई है।""
""इससे पहले प्रधानमंत्री नरेंद्र मोदी रायपुर पहुंचे।""",0.36
HIN-test-00819,"""जिसके चलते उन्हें लोग क्रिकेट का यूनिवर्सल बॉस के नाम से भी जानते हैं।""
""इसे दक्षिण का तीर्थस्थल भी कहा जाता है।""",0.13
HIN-dev-00234,"""फिर सुशांत ने स्कोडा कार ली और हम कार से जाते थे।""
""यही नहीं सुशांत सिर्फ धौनी जैसा दिखना ही नहीं बल्कि उनकी जीवन शैली को भी अपनाना चाहते हैं।""",0.52
HIN-dev-00244,"""गुजरात पुलिस की सलाह, जींस ना पहनें लड़कियां""
""गुजरात के शिक्षा महकमे के बाद अब पुलिस को भी जींस फूहड़ पहनावा लगने लगा है।""",0.72
HIN-test-00949,"""इससे इराक के भविष्य में तुर्की की संभावित भूमिका को भी खतरा होगा।""
""इससे तुर्की के लिए इराक के भविष्य को आकार देने में मदद करना भी मुश्किल हो सकता है।""",0.82
HIN-test-00387,"""अपनी गायकी से सबके दिलों पर राज़ करने वाले मोहम्मद रफी साहब की आज पुण्यतिथि है।""
""उन्हें शहंशाह-ए-तरन्नुम भी कहा जाता था।""",0.69
HIN-dev-00063,"""साध्वी ने खुद और आश्रम की दूसरी साध्वियों के साथ यौन शोषण का आरोप लगाया था।""
""इस मामले में पंजाब-हरियाणा हाईकोर्ट में अर्जी दाखिल की गई थी।""",0.48
HIN-test-00106,"""वहीं इन दोनों के बच्चे तैमूर अली खान और अरहान खान भी एक साथ मस्ती कर रहे थे।""
""वैसे इन सब के बावजूद साबिर खान और टाइगर श्रॉफ का साथ छूटने वाला नहीं है।""",0.38
HIN-test-00107,"""इससे रुपये की कीमत में बड़ी गिरावट आई थी।""
""रेलवे और इंजन सप्लाई करने वाले जापानी ग्रुप में बीच कीमत को लेकर मतभेद हैं।""",0.26
HIN-test-00861,"""जिससे उसमें सवार गोगरा (पाली) निवासी विजय कुमार देवासी तथा तखतगढ़ निवासी रविकुमार खटीक गंभीर घायल हो गई।""
""सूचना के बाद आहोर थाना से एएसआई कुन्दनसिंह व बागरा पुलिस मौके पर पहुंची।""",0.31
HIN-dev-00103,"""उनमें से, डाइऑक्सिन और अन्य रसायन, जिन्हें ""गंदे दर्जन"" के रूप में जाना जाता है।""
""डाइऑक्सिन और अन्य नामक कुछ रसायन बहुत हानिकारक होते हैं और उन्हें ""गंदा दर्जन"" कहा जाता है।""",0.83
HIN-test-00852,"""अपने राज्य - शहर की खबर अख़बार से पहले पढ़ने के लिए क्लिक करे""
""इनमें से दो एशिया कप में ही लगाए गए हैं।""",0.26
HIN-test-00515,"""घटना के संबंध में लोगों ने पुलिस को सूचना दी, लेकिन अभी तक आरोपी पुलिस गिरफ्त से बाहर हैं।""
""पुलिस मामले की छानबीन कर रही है।""",0.63
HIN-dev-00131,"""यह जहाज केन्या के मोम्बासा के मुख्य बंदरगाह के रास्ते में था।""
""नाव केन्या के सबसे बड़े बंदरगाह मोम्बासा जा रही थी.""",0.75
HIN-test-00045,"""हर रिश्ते की तरह हमारे रिश्ते में भी उतार-चढ़ाव रहा, काम और पर्सनल रिश्ते अलग-अलग हैं।""
""नम्रता की बहन शिल्पा शिरोडकर ने बॉलीवुड फिल्मों में काम किया है।""",0.15
HIN-test-00162,"""उन्होंने मार्था कोकले को पक्के तौर पर हरा दिया।""
""उन्होंने मार्था कोकले के ख़िलाफ़ इस तरह से जीत हासिल की कि लोगों को विश्वास हो गया कि वह बेहतर विकल्प हैं।""",0.69
HIN-dev-00166,"""उन्होंने एएफपी को बताया कि हाइफा बस को उड़ाए जाने पर इजरायली खुफिया कम से कम 40 संभावित हमलों की गुप्त सूचना से निपट रहा था।""
""उन्होंने कहा कि जब हाइफ़ा में बस में विस्फोट हुआ तो इज़रायली जासूस लगभग 40 संभावित हमलों के बारे में जानकारी इकट्ठा कर रहे थे।""",0.94
HIN-test-00664,"""यह वही टेस्ट मैच है, जिसमें विराट कोहली खेलेंगे।""
"". . विराट को अपनी इस डायट से भरपूर प्रोटीन मिल जाता है.""",0.35
HIN-test-00247,"""कॉर्झन सीपीवीसी पूरे भारत में प्रिंस पाइप्स एंड फिटिंग्स लिमिटेड के माध्यम से सितंबर 2021 से उपलब्ध होगा।""
""नेवार्क, न्यूयॉर्क और शिकागो के लिए डेली फ्लाइट उपलब्ध है।""",0.31
HIN-dev-00160,"""जानकारी के अनुसार ये फिल्म अगले साल 2022 में ईद पर रिलीज होगी।""
""फिल्म में, दीपक डोबरियाल, ज़ोया हुसैन भी अहम किरदारों में हैं।""",0.73
HIN-test-00166,"""ताजा जानकारी के अनुसार, बीएसएफ ने इस साल अब तक पंजाब सेक्टर से करीब 148.5 किलोग्राम हेरोइन जब्त की है।""
""बरामद रकम व सामान के बारे में आरोपी युवक कोई जानकारी नहीं दे पाया।""",0.57
HIN-test-00335,"""पीडि़त की शिकायत पर मंगलवार को पुलिस ने रिपोर्ट दर्ज कर आरोपित नौकर की तलाश शुरू कर दी है।""
""उनकी कोविड-19 के संपर्क में आने के बाद सात फरवरी को मौत हो गई थी।""",0.43
HIN-test-00483,"""पार्टी इस समय चुनौतियों का सामना कर रही है।""
""हमें अपने मूल्यों को बनाए रखते हुए पार्टी को मजबूत बनाना है।""",0.54
HIN-test-00099,"""पढ़े : सुप्रीम कोर्ट ने मांगी कैंसर के टीकों से जुड़ी फाइलें""
""पुलिस मामले की जांच कर रही है।""",0.25
HIN-test-00494,"""फिलहाल पुलिस पीч़डता के बयान के आधार पर कार्रवाई कर आरोपी की तलाश में जुट गई है।""
""लेकिन यदि यह अपने ही अंतर्विरोधों के कारण गिरी, तो आगे क्या होगा?""",0.33
HIN-test-00709,"""जानकारी के अनुसार, 19 वर्षीय बेटी पूजा शर्मा को बारहवीं की परीक्षा 68 प्रतिशत अंक आए थे।""
""पत्नी ने परिजनों को इसकी जानकारी दी।""",0.43
HIN-dev-00196,"""रूसी अधिकारियों का मानना है कि नोट डूबने के कम से कम दो घंटे बाद लेख लिखा गया था।""
""रूसी अधिकारियों का दावा है कि नोट डूबने की खबर दो घंटे बाद लिखी गई थी।""",0.88
HIN-test-00498,"""शाहरुख खान की बेटी सुहाना खान सोशल मीडिया पर अपने फोटोज और वीडियो के कारण छाई रहती हैं।""
""वहीं बेटे आर्यन इतने एक्टिव नहीं हैं हालांकि उनका नाम भी एक पॉपुलर स्टारकीड की लिस्ट शामिल है।""",0.62
HIN-test-00942,"""ओडिशा सरकार ने केंद्र की महत्वाकांक्षी 'आयुष्मान भारत' योजना लागू करने से इन्कार कर दिया है।""
""इससे विवाद खड़ा हो गया है।""",0.56
HIN-test-00465,"""इसमें नोच होगा या नहीं, इसके बारे में कोई जानकारी नहीं मिली है।""
""इसमें रेडमी नोट 5 प्रो की तरह स्‍नैपड्रैगन 636 एसओसी लगा हो सकता है।""",0.38
HIN-test-00585,"""जहां तक टीम इंडिया का सवाल है, बॉलरों ने तो अच्छा काम किया लेकिन बल्लेबाज़ों ने निराश किया.""
""इंडिया को 287 का लक्ष्य मिला था लेकिन उसने चौथे दिन 35 पर तीन विकेट खो दिए थे.""",0.53
HIN-dev-00233,"""इस पर अंतरराष्ट्रीय अदालत ने जाधव की फांसी पर तत्काल प्रभाव से रोक लगा दी।""
""मंत्री समूह ने सिफारिशें पेश कर दी है।""",0.27
HIN-test-00520,"""चुनाव में सत्ता संभालने के बाद जस्टिस पार्टी ने संविधान में बदलाव किया।""
""चुनाव जीतने के बाद जस्टिस पार्टी ने नियमों में कुछ बदलाव किये.""",0.79
HIN-test-00524,"""फिलहाल, मामला कोर्ट में है।""
""क्रिकेट की अन्य खबरों के लिए यहां क्लिक करें""",0.19
HIN-test-00298,"""फिल्म के डॉयरेक्टर निखिल आडवाणी और प्रोड्यूसर सिद्धार्थ रॉय कपूर को फिल्म से काफी उम्मीदें हैं।""
""पंजाब का नेतृत्व करते हुए पुनित, दीपिका जोशी व तीक्षा सूद का प्रदर्शन भी संतोषजनक रहा।""",0.27
HIN-test-00552,"""एक लडकी ने शर्म के कारण खुद को आग लगाकर आत्महत्या प्रयास किया।""
""युवती को पडौस में रहने वाले एक लडके ने नहाते हुए देख लिया था।""",0.58
HIN-dev-00281,"""हमारे क्षेत्र में स्मॉल स्ट्रीट मार्स लोगों की मदद कर रहे हैं।""
""हमारे क्षेत्र में जिसे स्मॉल स्ट्रीट मार्स कहा जाता है, (जोन रीतिमास) सुन रहे हैं कि वे लोगों की मदद कर रहे हैं।""",0.95
HIN-test-00927,"""अपनी आगामी फिल्म 'बाला' में यामी एक टिकटॉक स्टार की भूमिका में हैं जिसका नाम परी है।""
""परी को 1990 के दशक के गानों पर परफॉर्म करना अच्छा लगता है।""",0.62
HIN-test-00786,"""इसी दौरान मौका पाकर उसने पुलिस को पूरा वाकया बताते हुए जबरदस्ती ले जाने की बात कही।""
""इस सीरीज के बाद दोनों टीमों के खिलाड़ी आईपीएल खेलने दुबई के लिए रवाना हो जाएंगे।""",0.27
HIN-dev-00132,"""एक मतदाता और भाजपा नेता ने अलग-अलग याचिकाएं दायर की हैं।""
""महाराष्ट्र भाजपा प्रमुख चंद्रकांत पाटिल ने इस बार कुछ मुद्दे उठाए, जिन्हें हमने समझा।""",0.33
HIN-test-00801,"""साथ ही कंपटीशन के अभाव में ग्राहकों के लिए विकल्प बेहद सीमित हो जाते हैं।""
""दोनों राज्यों में इस साल अप्रैल और मई के बीच विधानसभा चुनाव होने हैं।""",0.18
HIN-test-00869,"""भारत अगर यह टेस्ट जीत जाता है तो वर्ल्ड टेस्ट चैंपियनशिप के नजरिये से उनको काफी फायदा होगा।""
""युवराज ने साल 2000 में पहला वनडे, 2003 में पहला टेस्ट और 2007 में पहला टी20 मैच खेला था।""",0.4
HIN-test-00752,"""कर्मचारी संगठन से विवाद सुलझाने और हालात सामान्य बनाने के लिए कंपनी प्रयास कर रही है।""
""इसके तहत कंपनी का बोर्ड शेयर बायबैक के प्रस्ताव को मंजूरी देता है।""",0.47
HIN-test-00268,"""वारदात के बाद आरोपी मकान का ताला लगाकर भाग निकला।""
""अश्विनी लोहानी का कार्यकाल समाप्त होने के बाद राजीव बंसल को उनकी जगह पर नियुक्त किया गया है""",0.14
HIN-test-00406,"""ज्यादा फसल की वजह से चने के भाव पर इस साल दबाव देखा जा रहा है।""
""बाहर आने के बाद बाबा शिखर देख कर नमन किया फिर मंदिर के कॉरिडोर को देखा।""",0.12
HIN-test-00593,"""राजधानी दिल्ली समेत देश के कई हिस्से लू और भीषण गर्मी की चपेट में हैं।""
""गर्मी का प्रकोप इतना बढ़ गया है कि इंसान ही नहीं, जानवर भी बेहाल हैं।""",0.75
HIN-test-00374,"""बदमाश महिला का कार में उठाकर ले गए।""
""कार में अगवा करके युवती के साथ गैंगरेप किया गया।""",0.68
HIN-test-00718,"""अंतर्राष्ट्रीय सामरिक अध्ययन संस्था लंदन मे स्थित है।""
""इंटरनेशनल इंस्टीट्यूट फॉर स्ट्रैटेजिक स्टडीज लंदन में एक जगह है जहां लोग महत्वपूर्ण समस्याओं को समझने और हल करने के लिए काम करते हैं।""",0.68
HIN-test-00229,"""हमारा बेटा शमशेर जेटली हाग हृदय में गंभीर समस्या के चलते इस दुनिया में अपना सफर जारी नहीं रख सका।""
""जयाप्रदा का राजनीतिक सफर कुछ साख नहीं रहा।""",0.24
HIN-test-00911,"""समुद्री डाकू के प्रवक्ता सुगुले अली ने पिछले सप्ताह एक साक्षात्कार में कहा था कि सौदे में समुद्री लुटेरों का एकमात्र हित पैसा है।""
""समुद्री लुटेरों के प्रवक्ता सुगुले अली ने पिछले सप्ताह एक साक्षात्कार में कहा था कि समुद्री डाकू केवल सौदे से पैसा चाहते थे।""",0.81
HIN-test-00116,"""विजयादशमी के दिन अन्याय के प्रतीक रावण का पुतला दहन करने प्रधानमंत्री नरेंद्र मोदी यहां आ रहे हैं।""
""इस दौरान पीएम मोदी का अलग ही अंदाज देखने को मिला।""",0.66
HIN-test-00613,"""अवैध शराब के खिलाफ लड़ेगी जिम्मी शेरगिल की 'गन पे डन' टीम""
""पढ़ेंः सिडनी की तर्ज पर अब ताजनगरी में भी चलेगी मोनो रेल आइटीओ पहुंची पहली मेट्रो ट्रेन""",0.19
HIN-test-00853,"""कोर्ट में पेश नहीं होने पर कोर्ट इनके खिलाफ अरेस्ट वारंट जारी करेगा।""
""आपको बता दें पेशी का ये ऑर्डर 20 साल पुराने एक गाने को लेकर है।""",0.44
HIN-test-00790,"""कृमिकृमि परजीवीहोते हैं और जीवित रहने के लिए मनुष्य की आंत में रहते हैं।""
""बच्चों में आमतौर परतीन प्रकार राउंड कृमि, व्हिप कृमि तथा हुक कृमि पाए जाते हैं।""",0.73
HIN-test-00369,"""उन्होंने वन एवं पर्यावरण के संरक्षण में आदिवासियों के योगदान की सराहना भी की।""
""इन गाड़ियों के पावर स्टीयरिंग सिस्टम में खराबी है।""",0.13
HIN-test-00531,"""इससे पूर्व निर्धारित समय पर इनका संचालन आसान हो जाएगा।""
""यह सब वर्ष 2017 और 2018 में एशिया के विकासशील देशों में विकास के पूर्व अनुमान को प्रोत्साहित करेगी।""",0.24
HIN-test-00254,"""साथ ही देश में उसके 12 विश्व-स्तरीय स्टोर हैं।""
""वहीं, यूलिया ब्लैक ड्रेसअप में ब्यूटीफुल लग रही थीं।""",0.19
HIN-test-00160,"""बिपाशा के बाद आलिया भी हुई ऎसे हादसे का शिकार""
""बॉलीवुड की जानी मानी अभिनेत्री आलिया भट्ट एक कार्यक्रम के दौरान हादसे का शिकार हो गई।""",0.65
HIN-dev-00185,"""उसके बाद, खुद ही उसने जमानत भरी और घर चला गया।""
""भ्रष्ट कर्मचारी के बारे में बताइये 5 लाख का इनाम पाइये""",0.08
HIN-test-00307,"""वहीं, अपने अहमदाबाद के दौरे पर वे साबरमती आश्रम भी गए, जहां उन्होंने महात्मा गांधी को श्रद्धांजलि अर्पित की।""
""उन्होंने गुरुवार को यह सवाल एक खबर का हवाला देते हुए पूछा।""",0.23
HIN-dev-00047,"""सीएनएन ने टेलर जोन्स के हवाले से बताया कि छात्रों को स्थानीय ट्रॉमा सेंटर भेजा गया था।""
""आरोपियों की गिरफ्तारी के लिए एक टीम भी बना बना दी गई है, आरोपी फरार है।""",0.28
HIN-dev-00176,"""क्रिस्टल ने चेहरे के क्लैप के साथ फोटो शेयर करते हुए लिखा- नई शुरूआत।""
""फिर से पहली, ड्रीम टीम के साथ अपनी पहली फिल्म की शूटिंग कर रही हूं।""",0.55
HIN-test-00557,"""राष्ट्रीय राजधानी दिल्ली में अपराधिक घटना कम होने का नाम नहीं ले रही है।""
""सरकार के तमाम प्रयासों के बावजूद अपराधियों के मन में जरा भी खौफ नहीं है।""",0.65
HIN-test-00260,"""देश में लोकसभा चुनाव जारी हैं।""
""महाराष्ट्र के मुंबई में सोमवार को यानि 29 अप्रैल को चौथे चरण के चुनाव है।""",0.62
HIN-test-00909,"""रोहित ने दूसरे छोर से स्ट्राइक रोटेट कर राहुल को मौके दिए और राहुल ने इंग्लैंड के गेंदबाजों को जमकर धोया।""
""इस साझेदारी को लेग स्पिनर आदिल राशिद ने इयोन मोर्गन के हाथों रोहित को कैच करा तोड़ा।""",0.6
HIN-test-00839,"""जब नन्हें अभिषेक- श्वेता को पापा अमिताभ बच्चन ने फैन्स से मिलवाया, यहां देखें ये थ्रोबैक""
""बिग बी अमिताभ बच्चन की बेटी श्वेता बच्चन की सोशल मीडिया फैन फॉलोइंग जबरदस्त है।""",0.42
HIN-test-00228,"""पश्चिम बंगाल में चौथे चरण के तहत पांच जिलों में आठ सीटों के लिए मतदान हुआ।""
""इस दौरान यहां हिंसा हुई।""",0.6
HIN-test-00272,"""इसके साथ कंगना ने बालों में गजरा लगाया है और ज्वेलरी भी पहनी हुई है।""
""कंगना इस तस्वीर में हाथ से आशीर्वाद देते हुए दिख रही हैं।""",0.58
HIN-test-00435,"""भारत में यह आंकड़ा 20 करोड़ है।""
""लिहाजा जरूरत है ऐसे लोगों को इन फेक काॅल से बचने और सावधानरहने की।""",0.19
HIN-dev-00067,"""दुनियाभर में लगा योग का आसन, मोदी बोले-इससे बना नया जॉब मार्केट""
""जागरण न्यूज नेटवर्क, नई दिल्ली।""",0.14
HIN-test-00103,"""इसी फिल्म में रानू मंडल का लोकप्रिय गाना भी है।""
""आपको बता दें कि रेस फिल्म के दोनों पार्ट में हीरो सैफ अली खान रहे हैं।""",0.62
HIN-test-00473,"""इसके अलावा आलिया जल्द ही गौरी शिंदे निर्देशित फिल्म में शाहरुख खान के साथ नजर आएंगी।""
""इसके अलावा वो अभिताभ बच्चन और नीना गुप्ता की अभिनीत फिल्म ‘अलविदा’ में भी नजर आने वाली हैं।""",0.54
HIN-test-00481,"""वहां रिश्वत की रकम लेने पर इशारा मिलते ही एसीबी टीम ने पटवारी योगी को गिरफ्तार कर लिया।""
""पढ़ें- शनि शिगनापुरः हाई कोर्ट के फैसले को पूरी तरह से लागू करेंगे- देवेंद्र फडणवीस""",0.22
HIN-test-00319,"""पार्टी निष्ठावान और कर्मठ कार्यकर्ता को ही टिकट देगी।""
""कई वैक्सीन ट्रायल के आखिरी चरण में हैं।""",0.09
HIN-dev-00144,"""ऐसा तब होता है, जब वह ऊंची रैंकिंग वाली टीम के सामने खुद को छोटा समझती है।""
""मैं चाहता हूं कि वह दूसरों की बजाय अपने बारे में सोचे।""",0.28
HIN-dev-00056,"""उन्होंने कहा कि ऐसे में जिन कर्मचारियों को इस अस्थायी निलंबन की अवधि में काम नहीं करना पड़ रहा है।""
""उन्होंने कहा कि प्रौद्योगिकी में प्रगति से अधिक संवृद्धि व निवेश हासिल करना संभव हुआ है।""",0.5
HIN-test-00489,"""हम क्‍लीन बैंकिंग के लिए प्रतिबद्ध हैं।""
""क्रिकेट की अन्य खबरों के लिए यहां क्लिक करें खेल जगत की अन्य खबरों के लिए यहां क्लिक करें""",0.02
HIN-test-00932,"""आरोप है कि सौतेला पिता पिछले एक साल से रेप कर रहा है।""
""यह कंपनी की भारत चरण-छह प्रौद्योगिकी के प्रति मजबूत मांग को दर्शाता है।""",0.23
HIN-dev-00279,"""उसे 26 नवंबर को नई दिल्ली रेलवे स्टेशन से पकडा गया।""
""दिल्ली में एक 11 वर्षीय बच्चे के यौन शोषण का मामला सामने आया है।""",0.17
HIN-test-00529,"""18 अप्रैल को भी वह स्कूल बस से ही स्कूल गई थी।""
""जिस प्राइवेट स्कूल में लडका पढता था, उसके मैनेजमेंट के खिलाफ आत्महत्या को उकसाने का मामला दर्ज किया गया है।""",0.44
HIN-test-00587,"""हमारा घर बारबनकोर्ट के नज़दीक कहीं पर है""
""हमारा पता है रूट नेशनेल 1 डेमियन बार्बनकोर्ट """,0.77
HIN-test-00177,"""एक के साथ चोट और कार्ड की समस्या है, तो दूसरी इन चिंताओं से मुक्त है।""
""एक टीम ने अभी तक सिर्फ एक ही गोल खाया है, जबकि दूसरी का डिफेंस कमजोर है।""",0.38
HIN-test-00950,"""फिर क्या था, ये देख कृति को गुस्सा आ गया और उन्होंने अपनी भड़ास ट्विटर पर निकाली।""
""यहां तक की उन्होंने शूटिंग का अभ्यास तक नहीं किया था।""",0.43
HIN-dev-00079,"""लेकिन अभी के लिए, वे फरवरी में अपनी शीतकालीन बैठक - बोका की प्रतीक्षा कर रहे हैं।""
""लेकिन अभी, वे फरवरी में बोका में अपनी आगामी शीतकालीन सभा को लेकर उत्साहित हैं।""",0.88
HIN-test-00896,"""उन्होंने आश्वासन दिया कि राज्यों/केन्द्र शासित प्रदेशों द्वारा प्रस्तुत ज्ञापनों पर उचित विचार किया जाएगा।""
""रायुडू ने इस मुकाबले में गेंदबाजी करते हुए 2 ओवर में 13 रन दिए थे।""",0.12
HIN-test-00253,"""इसी विवाद के बीच दोनों पक्षों ने स्पेन की अदालत में एक दूसरे के खिलाफ केस दर्ज कराया था।""
""इस सजा को दोनों खिलाड़ी पूरा कर चुके हैं।""",0.35
HIN-test-00800,"""चुनाव 8 जुलाई से पहले करा लिए जाएंगे।""
""उन्होंने कहा कि चुनाव कई चरणों में होंगे लेकिन चरण अभी तय नहीं हो पाया है।""",0.37
HIN-test-00049,"""इसके बाद पिता ने दूसरी शादी कर ली और सौतेली मां ने अत्याचार शुरू कर दिया।""
""इस पर लडकी ने कहा कि पिता ने दूध में अबॉर्शन की कोई गोली मिलाकर पिला दी।""",0.4
HIN-dev-00096,"""रेखा और अमिताभ बच्चन जब-जब सिल्वर स्क्रीन पर साथ आए हैं।""
""फैंस उन पर फिदा हो गए हैं।""",0.52
HIN-test-00656,"""कोई हैलोवीन कॉस्ट्यूम पर प्रतिबंध लगाने की बात तक नहीं कर रहा है।""
""कोई यह नहीं कह रहा है कि हैलोवीन पोशाकों पर प्रतिबंध लगाया जाना चाहिए।""",0.82
HIN-test-00029,"""बस पास से गुज़र रहे है और ग़ौर कर रहे है। अपनी राय व्यक्त नहीं करेंगे ।""
""मैं बस चल रहा था और मैंने कुछ देखा, लेकिन मैं यह नहीं कहूंगा कि मैं इसके बारे में क्या सोचता हूं।""",0.81
HIN-test-00393,"""इसके नेता कहते कुछ हैं और करते कुछ और।""
""पढ़ें: यूपी में रेल किराए में वृद्धि का विरोध""",0.13
HIN-test-00158,"""भाजपा ने राज्यसभा के वरिष्ठ सदस्य शिव प्रताप शुक्ला को राज्यसभा में पार्टी का मुख्य सचेतक नियुक्त किया है।""
""शिव प्रताप शुक्ला नारायण लाल पंचारिया की जगह लेंगे।""",0.77
HIN-test-00246,"""कोरोना वायरस के कहर की वजह से देश में पिछले कुछ महीनों से लॉकडाउन लगा हुआ है।""
""फिल्म जगत की हस्तियों से लेकर आम आदमी तक घर में पैक है।""",0.5
HIN-test-00236,"""युवती अपने साथ नगदी और जेवरात भी ले गई है।""
""परिजनों ने युवती के गुम होने की रिपोर्ट दर्ज कराई है।""",0.55
HIN-dev-00152,"""हरपाल लाडा के गीत ‘भगत सिंह’ की रही रुडक़ी में धूम""
""सैनी जाग्रति मिशन रुडक़ी की तरफ से गत दिवस मेधावी छात्रों का सम्मान समारोह आयोजित किया गया।""",0.62
HIN-test-00576,"""प्रधानमंत्री की वित्त मंत्री के साथ अर्थव्यवस्था के लिए राहत कदमों पर चर्चा""
""प्रधानमंत्री नरेंद्र मोदी ने कोरोना वायरस महामारी के अर्थव्यवस्था पर प्रभाव की बृहस्पतिवार को समीक्षा की।""",0.71
HIN-test-00767,"""डीजल कीमतों में वृद्धि से तेल कंपनियों के नुकसान में कमी आएगी।""
""ऊर्जा खपत के मामले में भारत ने 7.1 फीसद की वृद्धि दिखाई है।""",0.58
HIN-test-00243,"""दिल्ली महिला आयोग की अध्यक्ष स्वाती जयहिंद ने पुलिस को नोटिस जारी किया है।""
""महिला आयोग ने मंडावली इलाके में दिव्यांग गर्भवती महिला की पिटाई के मामले में पुलिस से जवाब मांगा है।""",0.63
HIN-test-00149,"""संयुक्त राष्ट्र का अनुमान है कि विद्रोहियों ने पिछले साल अफीम के व्यापार से 300 मिलियन डॉलर कमाए।""
""पिछले साल, संयुक्त राष्ट्र का कहना है कि विद्रोहियों ने अफ़ीम नामक दवा बेचकर बहुत पैसा कमाया, लगभग 300 मिलियन डॉलर।""",0.73
HIN-test-00669,"""इस मामले में महिला टीचर की हत्यारा उसके पति मंजीत ही निकाला।""
""कलयुगी पति अपनी ही पत्नी पर इस कदर कहर बरपाता की दिल पसीज जाएगा।""",0.65
HIN-test-00192,"""पत्नी प्रियंका के साथ लंदन में थे।""
""लॉकडाउन के बाद सभी कामकाज समेटकरअब भारत आ गए हैं।""",0.32
HIN-test-00057,"""मई में कमजोर मांग से देश के सेवा क्षेत्र का उत्पादन घटा : पीएमआई""
""देश में मुद्रास्फीति का दबाव बढऩे के साथ कमजोर मांग के कारण सेवा क्षेत्र के उत्पादन में गिरावट दर्ज की गई है।""",0.42
HIN-test-00289,"""इसके बाद लडकी का पिता थाने पहुंचा और आरोपियों के खिलाफ मामला दर्ज करवाया, जब जाकर मामले का खुलासा हुआ।""
""आरोपियों से पुलिस ने सवा दो लाख रुपए बरामद कर लिए हैं।""",0.54
HIN-test-00954,"""प्रतिफल में हालिया गिरावट के बावजूद निवेशकों ने मनी फंड में नकदी डालना जारी रखा है।""
""भले ही लोगों को हाल ही में अपने निवेश से उतना पैसा वापस नहीं मिल रहा है, फिर भी वे अपने निवेश खातों में अधिक पैसा डाल रहे हैं।""",0.79
HIN-test-00258,"""फिलहाल पुलिस मामला दर्ज कर अब जांच पड़ताल में जुट गई है।""
""सोमवार को द्वारका पुलिस ने हत्या के आरोप में चार आरोपियों को गिरफ्तार किया है।""",0.58
HIN-test-00503,"""उन्होंने कहा कि हिंदी गंगा की तरह है।""
""हिंदी हमारी मां है।""",0.75
HIN-test-00210,"""बता दें जान्हवी कपूर इन दिनों चंडीगढ़ में अपनी आगामी फिल्म गुड लक जेरी का शूटिंग कर रही हैं।""
""सारा अली खान लॉकडाउन में भाई इब्राहिम और मां अमृता सिंह के साथ समय बिता रही हैं।""",0.28
HIN-dev-00201,"""यूनिवर्सल ऑरलैंडो बनाने वाले दो पार्कों में ब्लैकस्टोन की पहले से ही 50 प्रतिशत की हिस्सेदारी है।""
""यूनिवर्सल ऑरलैंडो को बनाने वाले दो पार्कों में से आधे का मालिक पहले से ही ब्लैकस्टोन के पास है।""",0.84
HIN-test-00437,"""आज से कानपुर में भारत अपना 500वां टेस्ट मैच केल रहा है।""
""इस मौक़े पर पूर्व टेस्ट कप्तानों को भी सम्मानित किया गया है।""",0.79
HIN-dev-00143,"""सोने और चांदी ने इस साल निवेशकों को दिया 41 फीसदी तक रिटर्न, शेयर बाजार से हुआ 8 फीसदी मुनाफा""
""वर्ष 2016 में अब तक सोना और चांदी ने निवेशकों को शेयरों के मुकाबले बेहतर लाभ दिया है।""",0.64
HIN-test-00226,"""चंदनबाड़ी और श्री अमरनाथ गुफा पर सुबह से शाम तक तीन इंच से लेकर एक फुट तक हिमपात हुआ।""
""पहलगाम में सिर्फ बारिश हुई।""",0.67
HIN-test-00403,"""ब्रेंट ऑयल की कीमतें सोमवार को 60 डॉलर प्रति बैरल से अधिक हो गई।""
""हालांकि, चांदी सिक्का लिवाल और बिकवाल क्रमश : 75,000 और 76,000 रुपए प्रति सैकड़ा के पूर्वस्तर पर बने रहे।""",0.46
HIN-test-00877,"""रिसाव की चपेट में बगल की आदित्य सनटेक सिटी के 50 से ज्यादा लोग आ गए।""
""इनमें चार बच्चे भी हैं।""",0.59
HIN-test-00459,"""यह है विधानसभा का गणित 87 सदस्यीय राज्य विधानसभा में सरकार बनाने के लिए 44 विधायकों का समर्थन जरूरी है।""
""भाजपा के पास 25 और सज्जाद गनी लोन के नेतृत्व वाली पीपुल्स कांफ्रेंस के दो विधायक हैं।""",0.54
HIN-test-00193,"""इन चर्चाओं में 6 देशों के हथियार नियंत्रण वार्ता को फिर से शुरू करने के लिए समय सारिणी निर्धारित करना भी शामिल होगा।""
""हम इस बारे में भी बात करेंगे कि हम हथियारों पर नियंत्रण के बारे में बात करने के लिए छह देशों के साथ बैठकें कब शुरू कर सकते हैं।""",0.75
HIN-dev-00222,"""इस मामले में अब तक राज कुंद्रा समेत 11 लोगों की गिरफ्तारी हो चुकी है।""
""वहीं भारी मात्रा में पुलिस जवान से अर्द्धसैनिक बलों की कंपनियां तैनात की गई हैं।""",0.28
HIN-test-00559,"""पुलिस ने सभी का भारतीय दंड विधान की संबंधित धाराओं में चालान किया।""
""पुलिस ने झाड़ियों के पास डाले हुए पाइप से 20 लाख रूपये की राशि बरामद कर ली।""",0.27
HIN-dev-00033,"""यह हमला राजन के संदिग्ध ने शूटरों ने किया था।""
""इन मामलों के बारे में पूछे जाने पर सीबीआइ के प्रवक्ता आरके गौर ने इसकी पुष्टि की है।""",0.5
HIN-dev-00200,"""उन्होंने दावा किया कि इराकी सैनिकों ने पांच टैंकों को नष्ट कर दिया है।""
""उन्होंने कहा कि इराक के सैनिकों ने पांच टैंक तोड़ दिये.""",0.8
HIN-dev-00051,"""बॉलिवुड के शहंशाह अमिताभ बच्चन की तरह ऐश भी छोटे पर्दे पर एक रिएलिटी शो करती नजर आएंगी।""
""करीब दो घंटे तक चले इस संघर्ष में लाठी-भाटा और धारदार हथियारों का जमकर इस्तेमाल हुआ।""",0.06
HIN-test-00281,"""पुलिस उस व्यक्ति के नाम का खुलासा जल्द करेगी।""
""इसके बाद पुलिस छानबीन में इनकी गिरफ्तारियां हुईं।""",0.52
HIN-test-00539,"""पुलिस ने मौका मुआयना कर सबूत एकत्रित किए हैं और आरोपियों की तलाश में जुट गई है।""
""ऐसा ही चौंकाने वाला मामला तेलंगाना में हैदराबाद के एक पुलिस स्टेशन में देखने को मिला।""",0.41
HIN-test-00338,"""बालियान को योगेंद्र यादव के स्थान पर हाल ही में हरियाणा का प्रभारी बनाया गया है।""
""पार्टी पदाधिकारी इस फैसले से खफा हैं।""",0.58
HIN-test-00105,"""पहली तिमाही में देश की 5% दर्ज की गई, 7 साल में सबसे निचला स्तर""
""देश की आर्थिक वृद्धि दर 2019-20 की अप्रैल-जून तिमाही में घटकर पांच प्रतिशत रह गयी।""",0.71
HIN-dev-00073,"""जिले के गांव अहरंवा मे जीजा साले की लडाई में कई जने घायल हो गए।""
""घायलों को इलाज के लिए फतेहाबाद के सरकारी अस्पताल मे भर्ती करवाया गया है।""",0.5
HIN-test-00012,"""नई दिल्ली [कमल कान्त वर्मा]।""
""अप्रैल से शुरू होने वाले लोकसभा चुनाव की खुमारी अब अपने पूरे चरम पर है।""",0.27
HIN-test-00227,"""राजस्थान में कांग्रेस की सरकार बनने के बाद पहली बार पार्टी अध्यक्ष राहुल गांधी आज जयपुर पहुंचे।""
""यह दौरा कांग्रेस और राज्य सरकार के लिए खास है।""",0.6
HIN-test-00117,"""बहरहाल, पुलिस कुछ देर में हत्या के इस पूरे मामले का खुलासा करेगी।""
""उत्तर प्रदेश भाजपा के अध्यक्ष स्वतंत्रदेव सिंह सोमवार को वाराणसी के मीडिया कर्मियों से आनलाइन रूबरू होंगे।""",0.37
HIN-test-00196,"""दिल्ली दंगे को लेकर बड़ी कार्रवाई, हिरासत में लिए गए के अध्यक्ष और सेक्रेटरी""
""दिल्ली पुलिस की स्पेशल सेल ने पीएफआई के अध्यक्ष और सेक्रेटरी को गिरफ्तार कर लिया है।""",0.79
HIN-test-00647,"""आर्चर ने आगे कहा, ""मैंने गेंदबाजी में वैरियेशन को काफी अच्छे से इस्तेमाल किया।""
""मैंने कभी सोचा नहीं था कि मैं ये पल भी जिऊंगा।""",0.35
HIN-test-00640,"""आरोपी महिला की भाषा से अनुमान लगाया जा रहा है कि वह बांग्लादेश की है।""
""पुलिस ने हत्या का मामला दर्ज कर आरोपी की तलाश शुरू कर दी है।""",0.49
HIN-test-00571,"""यूक्रेनी अधिकारी किसी भी गलत कृत्य से इनकार करने पर अड़े हैं।""
""यूक्रेनी अधिकारियों को पूरा यकीन है कि उन्होंने कुछ भी ग़लत नहीं किया है और वे ऐसा कहते रहते हैं.""",0.85
HIN-dev-00250,"""हालांकि उससे पहले पीएसी के सेनानायक से लेकर चालक तक को इस विंग में तैनाती दी जा रही है।""
""इस दौरान काफी देर तक सदन में खूब शोर-शराबा होता रहा।""",0.25
HIN-test-00053,"""उन्होंने कहा, 'हमें बेहतर विश्वसनीयता की दिशा में काम करना होगा।""
""हमें बिना अवरोध के डेटा उपलब्ध कराने की दिशा में काम करने की जरूरत है।""",0.52
HIN-test-00691,"""इस सवाल पर महेश भट्ट ने जवाब दिया जिसकी जानकारी पुलिस ने नहीं दी है।""
""मुंबई पुलिस ने महेश भट्ट से फ़िल्म सड़क 2 को लेकर भी सवाल किए।""",0.74
HIN-test-00606,"""25 अगस्त 2008 को अफगानिस्तान के गृह मंत्रालय ने एक बयान में घोषणा की कि -""
""अगस्त 2008 में एक विशेष दिन पर अफगानिस्तान सरकार ने एक लिखित संदेश में कुछ महत्वपूर्ण बात कही।""",0.73
HIN-dev-00219,"""उन्होंने आरोप लगाया कि ट्रम्प की लापरवाही के कारण बेरोजगारी की दर बढ़ गई है।""
""कोच मासिमो कोस्टनटिनि के मार्गदर्शन में इस टूर्नामेंट में उतर रही टीम डसेलडॉर्फ पहुंच चुकी है।""",0.16
HIN-dev-00080,"""जब 'भारत माता की जय' और 'जय श्री राम' के नारों से गूंज उठा स्मृति उपवन""
""उत्तर प्रदेश की राजधानी स्थित कांशीराम स्मृति उपवन भारत माता की जय और जय श्रीराम के नारों से गूंज रहा था।""",0.88
HIN-test-00309,"""डीबीएस बैंक में विलय के बाद 94 साल पुराने लक्ष्मी विलास बैंक का वजूद खत्म हो जाएगा।""
""कुछ विशेषज्ञों का कहना है कि प्याज का 100 का आंकड़ा भी पार कर जाएगा।""",0.42
HIN-test-00610,"""शुभ संध्या, हम बरदेरेस के पास मार्क क्षेत्र में स्थित हैं।""
""सुप्रभात, हम मार्क क्षेत्र में स्थित हैं।""",0.81
HIN-test-00165,"""फ़िलिस्तीनियों का कहना है, श्री अराफ़ात को शांति की बात करने का कोई अधिकार नहीं है।""
""फ़िलिस्तीनियों का कहना है कि यह युद्ध है, और श्री अराफ़ात को शांति की बात करने का कोई अधिकार नहीं है।""",1.0
HIN-dev-00071,"""लेकिन, उन्होंने साफ कर दिया कि यह रणनीतिक भागीदारी निश्चित रूप से चीन के खिलाफ नहीं है।""
""वर्मा ने कहा कि जलवायु परिवर्तन के मुद्दे पर दोनों देशों का रूख समान नहीं है।""",0.41
HIN-test-00292,"""उधर नेशनल स्टॉक एक्सचेंज का सूचकांक निफ्टी भी बुधवार को बढ़त के साथ बंद हुआ है।""
""यह सफेद धातु और 300 रुपये लुढ़ककर 34 हजार 500 रुपये प्रति किलो पर बंद हुई।""",0.57
HIN-test-00865,"""वहीं दर्शकों ने फिल्म में दोनों एक्टर्स के एक्शन की भी तारीफ की है।""
""चांदी सिक्का लिवाल 74,000 रुपए और बिकवाल 75,000 रुपए प्रति सैकड़ा पर स्थिर बना रहा।""",0.1
HIN-test-00642,"""भारतीय मूल की एक महिला ने ब्रिटेन में दुनिया के पहले डिजिटली मॉनीटर्ड ट्विंस को जन्म दिया।""
""इन बच्चों को कोख में ही लाइफ सेविंग डिजिटल ग्रोथ चार्ट के जरिए मॉनीटर किया गया था।""",0.83
HIN-dev-00267,"""सरकारी अधिकारियों ने कहा कि साल के अंत में निर्यात 68 अरब डॉलर के सरकारी लक्ष्य के तहत रहेगा।""
""सरकार ने कहा कि उन्हें उम्मीद है कि वे दूसरे देशों को अपनी योजना से कम सामान बेचेंगे।""",0.53
HIN-test-00787,"""गायन के दौरान पंडित छन्नूलाल मिश्र ने दैनिक जागरण का नाम भी लिया।""
""पंजाब की ताजा खबरें पढ़ने के लिए यहां क्लिक करें""",0.12
HIN-test-00128,"""मंगलवार को बिना बदलाव के सोने बंद हुई थी।""
""काजोल, जलोटा बनेंगे प्रसार भारती के सदस्य!""",0.21
HIN-test-00622,"""सीआइए ने दोनों को कैनाल कॉलोनी पुलिस को सुपुर्द कर दिया।""
""राजधानी में एक बार फिर पुलिस ने दो हुक्काबारों पर कार्रवाई की।""",0.33
HIN-test-00651,"""देेशपाल की लाश को पोस्टमार्टम के बाद उसके घरवालों को सौंप दिया गया।""
""इस संबंध में नेशनल ग्रीन ट्रिब्यूनल के आदेश के बाद डीजीसीए ने एयरलाइनों को निर्देश जारी किया है।""",0.34
HIN-test-00913,"""पहले हाफ में इंडियन ऑयल ने तीन गोल की बढ़त ले ली थी।""
""राजस्थान इस समय 10 मैचों में तीन जीत और सात हार के साथ सातवें नंबर पर है।""",0.38
HIN-test-00841,"""भांकरोटा थाना पुलिस ने अवैध मादक पदार्थ तस्करी में शुक्रवार को एक महिला को गिरफ्तार किया है।""
""पुलिस ने हत्या के पीछे कारणों का पता लगाने के लिए मामले की जांच शुरु कर दी है।""",0.35
HIN-test-00385,"""इस पर पुलिस ने कार्रवाई करते हुए मामले पर्दाफाश किया और दो चोरों को गिरफ्तार कर लिया।""
""फिलहाल, पुलिस मामले की जांच में जुटी हुई है।""",0.42
HIN-test-00833,"""कहते हैं प्यार इंसान को काफी बदल देता है।""
""तो लीजिए एक उदाहरण सामने आ गया, रोमानियन माॅडल लूलिया वंतूर अब हिंदी सीखना चाहती हैं।""",0.35
HIN-test-00883,"""इन कार्यक्रमों को राज्य इकाइयों द्वारा 7 जुलाई और 17 जुलाई, 2021 के बीच लागू किया जाएगा।""
""इसके तहत इन सभी को इनकी पसंद और अनुभव से जुड़े कामों से जोड़ा जाएगा।""",0.37
HIN-dev-00272,"""कहे अनुसार ऑनलाइन ऐप के जरिए 51 हजार 850 रुपए दे दिए।""
""पुलिस के अनुसार वारदात आरके चौधरी निर्माण नगर वैशाली के साथ हुई है।""",0.3
HIN-test-00811,"""बर्न्‍स ने 80 गेंदों में पांच चौके और एक छक्के की मदद से 42 रनों की पारी खेली।""
""रोहित शर्मा की कप्तानी में भारतीय गेंदबाजों ने वेस्टइंडीज की पारी 109 रनों पर ही रोक दी।""",0.46
HIN-test-00179,"""पनामा पेपर्स में नीरा राडिया का भी नाम""
""पनामा पेपर्स लीक मामले में अब नीरा राडिया का भी नाम सामने आया है।""",0.94
HIN-test-00675,"""इसमें तीन सैनिकों की मौत हो गई और चार घायल हो गए।""
""फिलहाल पुलिस आरोपी से पूछताछ कर मामले की जांच पड़ताल में जुट गई है।""",0.42
HIN-test-00151,"""तिलमिली गांव में आरोपी के विवाह की रस्में चल रही थी।""
""उससे विवाद चल रहा है।""",0.31
HIN-test-00329,"""कोरोना से परेशान होकर आत्महत्या करने की बात सुसाइड नोट में लिखी है।""
""साथ ही उनका प्रतिबंध कम होने की संभावना भी रहेगी।""",0.19
HIN-test-00533,"""पाकिस्तान अपनी आक्रामक क्रिकेट खेलने के रवैये के लिए जाना जाता था।""
""हम कभी डरपोक नहीं थे।""",0.16
HIN-test-00918,"""' राज्यपाल मलिक ने कहा कि प्रशासन कुपवाड़ा और हंदवाड़ा इलाके में मोबाइल फोन सेवाएं चालू करेगा।""
""राज्यपाल ने कहा कि अन्य जिलों में भी टेलीफोन और मोबाइल सेवाएं जल्द चालू की जाएंगी।""",0.74
HIN-dev-00050,"""इस दौरान यह ट्रेन नवगछिया में दो घंटे तक रुकी रही।""
""राजधानी के इंजन में आग की खबर सुनते ही सभी अग्निशामक संयंत्र लेकर दौड़े।""",0.59
HIN-test-00153,"""मैं बस टेनिस कोर्ट पर जाकर सर्वश्रेष्ठ प्रदर्शन करना चाहती हूं।""
""इन दोनों बल्लेबाजों को महिला विश्व कप क्वालीफायर में अच्छे प्रदर्शन का इनाम मिला है।""",0.31
HIN-dev-00061,"""चांदी सिक्का लिवाल 73 हजार रुपए तथा बिकवाल 74 हजार रुपए प्रति सैकड़ा के पूर्वस्तर पर बने रहे।""
""इस दौरान पूर्वी उत्तर प्रदेश के सभी जिलाध्यक्षों को भी बुलाया गया था।""",0.08
HIN-test-00404,"""अब इन दोनों के एशेज में खेलने पर भी सस्पेंस बना हुआ है।""
""अब हम देखेंगे आईपीएल में वे 7 और शतकीय पारियां जो टीम के काम नहीं आ सकीं :-""",0.38
HIN-test-00429,"""हालांकि, देश में ईशनिंदा के किसी भी दोषी को अब तक फांसी नहीं दी गई है।""
""अब तक देश में किसी भी ऐसे व्यक्ति की हत्या नहीं की गई है जो धर्म के बारे में बुरी बातें कहने का दोषी पाया गया हो।""",0.74
HIN-dev-00100,"""वे पहले दिन से ही तलाक लेने की योजना बना चुके थे ""
""हम पहले दिन से ही तलाक लेने की योजना बना रहे हैं""",1.0
HIN-dev-00065,"""हैरान और चिंतित जापानियों के पास स्पष्टीकरण की कोई कमी नहीं है।""
""आश्चर्यचकित और चिंतित जापानी लोगों के पास यह समझने में मदद करने के लिए कई विचार हैं कि क्या हुआ था।""",0.78
HIN-test-00353,"""अजय देवगन और काजोल को लेकर फिल्‍म बनाने को तैयार ये डायरेक्‍टर""
""डायरेक्टर रोहित शेट्टी रियल लाइफ कपल अजय देवगन और काजोल को लेकर एक कॉमेडी ड्रामा फिल्म बनाना चाहते हैं।""",0.77
HIN-test-00452,"""इससे अगले साल की रिपोर्ट में अपेक्षाकृत सुधार होने की उम्मीद है।""
""रिपोर्ट में कहा गया कि विभिन्न केंद्रीय बैंकों ने 2018 में 74 प्रतिशत अधिक सोने की खरीद की।""",0.31
HIN-test-00317,"""पूरे सप्ताह के दौरान इसकी कीमत में 923 रुपये की गिरावट आई।""
""ज़रा देखिये इन तस्वीओं को क्या इन्हें रंगों की ज़रुरत है?""",0.14
HIN-test-00368,"""भाजपा के प्रधानमंत्री पद के उम्मीदवार नरेंद्र मोदी ने एक बार फिर कांग्रेस सरकार पर जमकर हमला बोला।""
""कहा कि आपके लिए न मैं प्रधानमंत्री हूं, न मुख्यमंत्री हूं, सिर्फ सेवक हूं।""",0.66
HIN-test-00413,"""मतलब जांच एजेंसी को दिए गए समय में ही अपना जवाब पेश करना होगा।""
""इसका जवाब उनके समर्थकों के पास भी नहीं है, जो सोशल मीडिया पर अक्सर अरविंद केजरीवाल का बचाव करते हैं।""",0.35
HIN-test-00509,"""दूसरी तरफ नेबुआ-नौरंगिया थाने की पुलिस कार्यवाई करने के बजाय पीडिता के परिवारीजनों को टरकाती रही।""
""जैसे ही एक दिन ससुर फिर से पीडिता को अपना शिकार बना रहा था तो उसने विरोध किया।""",0.61
HIN-test-00936,"""हमारा बेटा रुक गया लेकिन अपने रास्ते से नहीं हटा।""
""हमारा बेटा गया और एक बार भी इस रास्ते से नहीं निकला।""",0.81
HIN-test-00863,"""आरोपी समारोह में हलवाई का काम करने आया था।""
""पुलिस के मुताबिक आरोपी नशे में धत्त था।""",0.54
HIN-test-00270,"""यह केरला की इस सीजन की दूसरी जीत है।""
""इससे पहले, उसने सीजन के पहले मैच में एटीके को हराया था।""",0.66
HIN-test-00760,"""यदि अापके घर में यूज हो रहा है एलईडी बल्ब तो हो जाइए सावधान""
""घरेलू बाजार में उपलब्ध एलईडी बल्ब के 76 फीसद ब्रांड उपभोक्ता सुरक्षा मानकों का उल्लंघन करते पाए गए हैं।""",0.85
HIN-test-00070,"""इस दौरान मुस्लिम जनों ने मजिस्दों में नवाज अदा की और अमलों -अमान की दुआ मांगी।""
""दिनभर ईद मुबारक बाद का दौर चला और खीर सिवईयों की दावतों का आयोजन हुआ।""",0.72
HIN-test-00653,"""फ़रहान की फ़िल्म 'रॉक आॅन 2' आज ही रिलीज़ हुई है।""
""जी हां वह कसौटी जिंदगी की 2 के स्टार पार्थ समथान के साथ रिलेशन में थी।""",0.24
HIN-test-00844,"""नई स्थिति में वह माजदा की यू.एस. बिक्री, सेवा, पुर्जे और विपणन कार्यों की देखरेख करेंगे।""
""वह माज़्दा कारों को बेचने, उनकी देखभाल करने, उनके लिए पुर्जे प्राप्त करने और अमेरिका में उनके प्रचार-प्रसार के प्रभारी होंगे।""",0.81
HIN-test-00723,"""इसी तरह नेशनल स्टॉक एक्सचेंज के निफ्टी में लगातार छठे कारोबारी सत्र में बढ़त का सिलसिला कायम रहा।""
""निफ्टी भी 37.20 अंक या 0.28 प्रतिशत बढ़कर 13,392.95 अंक के नए उच्चस्तर पर बंद हुआ।""",0.76
HIN-test-00510,"""शोधकर्ताओं ने कहा कि घातक मेसोथेलियोमा, फेफड़े के कैंसर और एस्बेस्टोसिस से होने वाली कुल 18 मौतें अपेक्षा से कहीं अधिक थीं।""
""शोधकर्ता आश्चर्यचकित थे क्योंकि उन्होंने जितना सोचा था उससे कहीं अधिक पाया। एस्बेस्टस, जो कि एक हानिकारक पदार्थ है, से होने वाली तीन प्रकार की बीमारियों से 18 मौतें हुईं।""",0.81
HIN-dev-00118,"""इससे पहले तीन दिन में सोना 470 रुपए चढ़ा था।""
""गैलेक्‍सी एस9 प्‍लस के सभी वेरिएंट्स को 9000 रुपए के एक्‍सचेंज बोनस के साथ खरीदा जा सकता है।""",0.25
HIN-test-00337,"""आइआइटी खड़गपुर में लॉन्च हुआ एकेडमी ऑफ क्लासिकल ऐंड फॉक आर्ट्स""
""वर्षों से आइआइटी खड़गपुर बड़ी संख्या में इंजीनियर्स एवं मैनेजर्स को तैयार करता आ रहा है।""",0.71
HIN-test-00739,"""आरोपियों को पुलिस कुरुक्षेत्र हरियाणा के सेन्ट्रल जेल (अम्बाला)से प्रोडक्शन वांरट पर लेकर आई है।""
""पुलिस के मुताबिक पीड़ित रमेश पुत्र तीरथदास सेक्टर-3 मालवीय नगर का रहने वाला है।""",0.35
HIN-test-00080,"""दमकल विभाग ने आग पर नियंत्रण पा लिया है।""
""' क्रिकेट की अन्य खबरों के लिए यहां क्लिक करें""",0.12
HIN-test-00577,"""मैं अपने मूल निवास स्थान ""एनसे ए पित्रे"" वापस चला गया।""
""अपना घर हमने पुनः प्राप्त कर लिया।""",0.76
HIN-test-00431,"""राष्ट्रपति मामून हुसैन ने शनिवार को चुनाव आयोग के प्रस्ताव पर अपनी मुहर लगा दी।""
""राष्ट्रपति ने 25 जुलाई को आम चुनाव कराए जाने की चुनाव आयोग की सिफारिश को मंजूरी दे दी है।""",0.77
HIN-dev-00174,"""इस कानून के तहत नाबालिग बच्चियों के साथ ज्यादती करने वालों को फांसी की सजा दी जाएगी।""
""जब परिजनों ने छात्राओं से स्कूल ना जाने का कारण पूछा तो छात्राओं ने परिजनों को सारी बात बता दी।""",0.55
HIN-test-00636,"""' ऑस्ट्रेलियन ओपन के मुख्य ड्रॉ के मैच कोरोना वायरस महामारी के कारण तीन सप्ताह बाद से शुरू होंगे।""
""यहां सोमवार को खेले गए ग्रुप ए के मैच में बांग्लादेश ने पहले बल्लेबाजी कर 182 रन बनाए।""",0.19
HIN-test-00590,"""ये फिल्म पूर्व क्रिकेटर मोहम्मद अजहरुद्दीन की जिंदगी पर आधारित है।""
""हिमाचल प्रदेश की जीत के बाद यह संख्या बढ़कर 14 हो जाएगी।""",0.25
HIN-test-00052,"""मिशेल को पिछले साल गिरफ्तार किया गया था।""
""रविवार को ही इंद्रजीत ङ्क्षसह को जनरल हाउस में वर्तमान कार्यकारिणी को एक साल का सेवा विस्तार दिया था।""",0.12
HIN-dev-00230,"""उन्होंने 39 गेंदों की पारी में छह चौके और तीन छक्के लगाए।""
""उन्होंने भारत के लिए अब तक कुल 58 मैच खेले हैं जिसमें उनके नाम पर 316 विकेट हैं।""",0.45
HIN-test-00046,"""अब मेरा खर्च रोकने का क्या औचित्य है?""
""बिना वोटबैंक की राजनीति किए हम सबका साथ सबका विकास करते रहे हैं।""",0.24
HIN-test-00066,"""हमारे पास 3 दिनों तक कुछ नहीं था।""
""हमारे पास 3 दिन तक खाने के लिए कुछ नहीं था।""",0.84
HIN-test-00214,"""और अब विनोद खन्ना पहुंचे अस्पताल, डॉक्टरों ने बताया....""
""हाल ही में दिलीप कुमार के पुन: बीमार होने के समाचार सुर्खियों में थे।""",0.29
HIN-dev-00199,"""इसे लेकर कांग्रेस जितना भी व्यवधान पैदा करे, मगर हम पीछे हटने वाले नहीं हैं।""
""इसी कारण से, कांग्रेस के नेता अपने सभी विधायकों को बिदादी के पास ईगलटन रिसॉर्ट में ले गए।""",0.41
HIN-test-00908,"""चालू वित्त वर्ष की दूसरी तिमाही में उसका नुकसान 622.56 करोड़ रुपए रहा था।""
""हालांकि, गिन्‍नी का भाव बिना किसी बदलाव के 24,400 रुपए प्रति आठ ग्राम पर स्थिर बना रहा।""",0.29
HIN-dev-00155,"""यह सरकार हमेशा से यही कोशिश करती रही कि आखिरी व्यक्ति तक योजनाओं का लाभ पहुंचे।""
""वह स्वाभिमान के साथ देश के विकास के साथ कदमताल कर सके।""",0.55
HIN-test-00680,"""भारत को हराकर वह इसमें सफल हो सकता है।""
""[@ जानिए कहां रहते थे अंतिम हिंदू सम्राट विक्रमादित्या, क्या है नाम..]""",0.16
HIN-test-00608,"""जागरण फोरम में बोले शिवराज चौहान, 5 साल में एक बार हो चुनाव""
""जागरण फोरम के द्वितीय सत्र में मध्य प्रदेश के सीेएम शिवराज सिंह चौहान ने परोक्ष तौर पर कांग्रेस पर निशाना साधा।""",0.6
HIN-test-00096,"""उन्होंने दो घंटे 26 मिनट और 17 सेकेंड में खिताबी जीत हासिल की।""
""बैंक 19 अधिकारियों को कर चुका है निलंबित लाइसेंस रद्द करने के लिए कोई कदम नहीं उठाया है: रिजर्व बैंक""",0.21
HIN-test-00328,"""कारखाने के वह क्षेत्र विशेष रूप से धूल भरे थे जहां क्रोसिडोलाइट का उपयोग किया गया था।""
""फैक्ट्री के जिन हिस्सों में क्रोकिडोलाइट का इस्तेमाल होता था, वहां काफी धूल थी।""",0.73
HIN-test-00689,"""मैं अमेरिका में गोरे लोगों की दुर्दशा के बारे में उतना ही चिंतित हूं जितना कोई है।""
""मैं अमेरिका में गोरे लोगों की वैसे ही परवाह करता हूं जैसे बाकी सभी की करता हूं।""",0.75
HIN-test-00810,"""घर में सौ-सौ के नोट पड़े थे।""
""वह बरामद हुए हैं।""",0.54
HIN-test-00344,"""इससे पहले इस तकनीक का उपयोग जर्मन लीग और इटली की सेरी-ए लीग में हो चुका है।""
""कार्तिक ने लीग के 10 मैचों में अब तक केवल 117 रन ही बनाए हैं।""",0.15
HIN-test-00077,"""भारत सरकार ने काफी अच्छा काम किया।""
""हम लोग वहीं फंस गए थे।""",0.2
HIN-test-00493,"""इस दौरान वह दो बार गर्भवती हुई और चार बार उसने खुदकुशी की कोशिश भी की।""
""साथ ही उसने पीडि़त को झांसा दिया कि उसका कार्ड ब्लॉक हो गया है।""",0.45
HIN-test-00194,"""अब इस फिल्म के इस साल क्रिसमस पर रिलीज होने की उम्मीद है।""
""""उन्होंने कहा, ""ऎसे संवेदनशील विषय पर फिल्म बनाना कलाकार और निर्देशक दोनों के लिए चुनौतीपूर्ण है।""",0.52
HIN-test-00198,"""उन्होंने कई डेम विधेयकों के लिए मतदान भी किया।""
""वह डेमोक्रेट्स द्वारा प्रस्तावित कई विधेयकों से भी सहमत थे और उनका समर्थन भी किया।""",0.62
HIN-test-00501,"""देवेन भोजानी निर्देशित इस फिल्म में विद्युत से साथ अदा शर्मा नजर आएंगी।""
""बॉक्स ऑफिस पर इस फिल्म ने जमकर वाहवाही बटोरी।""",0.45
HIN-test-00412,"""मुशर्रफ का सुझाव आज के दौर में प्रासंगिक हो जाता है।""
""सोज ने आगे कहा कि भारत सरकार को पाकिस्तान और अलगाववादी नेताओं से बातचीत करनी चाहिए।""",0.25
HIN-dev-00101,"""शिवदासपुरा थाना पुलिस ने मंगलवार को एक शातिर मोबाइल लूटेरे को गिरफ्तार कर साथी बालअपचारी को निरूद्घ किया है।""
""कार्यवाहीक्षैत्र मंगरोप थाने में होने के कारण इसकी अग्रिम जांच मंगरोप थाना प्रभारी मुलचन्‍दको सौंप दी गयी है।""",0.34
HIN-test-00314,"""पुलिस फिलहाल आरोपितों से पूछताछ कर रही है।""
""उनकी तलाश की जा रही है।""",0.54
HIN-test-00155,"""माणकचौक थाना पुलिस ने रिपोर्ट दर्ज कर जेबतराशों की तलाश शुरू कर दी है।""
""आरपीएस ममता सारस्वत ने बताया कि जयसिंहपुरा खोर ब्रह्मपुरी निवासी 40 वर्षीय महिला ने रिपोर्ट दर्ज कराई है।""",0.51
HIN-test-00845,"""वॉर्नर ने कहा कि हम विश्व चैंपियन जरुर हैं लेकिन हमारी टीम बिल्कुल अलग है।""
""अंकों की दशमलव गणना के अनुसार हालांकि भारतीय टीम अन्य दो देशों से आगे है।""",0.44
HIN-test-00184,"""यूपी की जेलों में कैदियों को एड्स का खौफ, मची अफरा-तफरी""
""उत्तर प्रदेश की विभिन्न जिला जिलों में बंद कैदियों को एचआईवी एड्स का डर सताने लगा है।""",0.75
HIN-test-00168,"""भारत के खिलाफ पहले टेस्ट मैच में 29 गेंद खेलने के बाद वो सिर्फ 1 रन बना सके।""
""क्रिकेट प्रेमियों को ये मैच नवजोत सिंह सिद्धू के छक्कों के लिए याद है।""",0.53
HIN-dev-00126,"""इस पर महिला अधिकारी ने इसकी शिकायत अपने आला अधिकारियौं से की।""
""पीड़ित प्रवीण कुमार एसीबी को इसकी शिकायत की।""",0.36
HIN-test-00235,"""चुनाव के दौरान केंद्रीय मंत्री नरेंद्र सिंह तोमर से लेकर वरिष्ठ नेता प्रशात झा भी प्रचार में शामिल हुए।""
""एक वरिष्ठ अधिकारी ने विश्वविद्यालयों को पत्र लिखकर उन्हें मानव संसाधन विकास मंत्री की उक्त इच्छा से अवगत कराया है।""",0.5
HIN-test-00854,"""नहीं बढ़ेगी आखिरी तारीख : सभी कर्मचारियों को 2014 और 2015 के लिए 15 अप्रैल तक रिटर्न फाइल करना होगा।""
""साथ ही यह मिडिल ईस्ट में तीसरा डेस्टिनेशन होगा।""",0.26
HIN-test-00147,"""और इसी तरह यह काम करता है।""
""और ऐसा ही होता है.""",0.44
HIN-test-00159,"""काश में हर फिल्म में तुम्हारे साथ रोमांस कर पाता।""
""एक टीम को फिल्म का नाम फाइनल करने की जिम्मेदारी दी गई है।""",0.26
HIN-test-00646,"""गुरूवार को अफगान सेना और नाटो ने हवाई हमले कर शहर को तालिबान के कब्जे से छुडाया।""
""शीर्ष वरीय मिया ने चीन की क्वि जुइफेई को 21-16, 21-18 से हराया।""",0.12
HIN-test-00478,"""आप वैसे लोगों के बीच जाएं जिन्हें योजनाओं का लाभ मिला है।""
""सिर्फ शिक्षा क्षेत्र में दोनो देशों के विभिन्न शैक्षणिक संस्थानों के बीच 54 समझौते हो चुके थे।""",0.23
HIN-test-00507,"""श्याम नगर थाना पुलिस ने ऑनलाइन ठगी के मामले में एक शातिर को गुरुवार रात गिरफ्तार किया है।""
""धमाके की आवाज सुनकर मौके पर बड़ी संख्या में लोग जमा हो गए और पुलिस को घटना की जानकारी दी।""",0.24
HIN-dev-00283,"""फिल्म ‘फोन भूत’ में उनके सह कलाकार सिद्धांत चतुर्वेदी ने कमेंट कर लिखा, ‘मोटिवेशनल’।""
""फिल्म में सैफ के नाटक, बदला, और एक नागा साधु के रूप में छल यात्रा दिखाया गया है।""",0.48
HIN-dev-00008,"""केंद्र ही नहीं दिल्ली का बजट भी बहुत अच्छा है, कोई अतिरिक्त कर नहीं लगाया गया।""
""बिजली की सब्सिडी दी गई और स्कूल-कॉलेज खोले जाने की योजना है।""",0.52
HIN-test-00591,"""पुलिस आरोपित से अवैध हथियार की खरीद-फरोख्त के बारे में पूछताछ कर ही है।""
""पर हमें दीर्घावधि के दृष्टिकोण से सोचना होगा।""",0.17
HIN-test-00784,"""अलवर-भरतपुर में इन दिनों गौ-तस्करी की घटनाऐं लगातार सामने आ रही है।""
""पुलिस कई बार गौ-तस्करी करने वाले गिरोह का भंड़ाफोड़ भी कर चुकी है।""",0.69
HIN-test-00548,"""वसीम अकरम ने अपने साथ हुई इस बदसलुकी की पूरी जानकारी सोशल मीडिया पर एक पोस्ट के जरिए दी।""
""दिमित्रोव ने पहले सेट में मात्र 25 मिनट में मरे को मात दे दी।""",0.21
HIN-test-00773,"""ननकाना साहिब से भी गुरु पर्व मनाए जाने की रिपोर्ट आई हैं।""
""बिडेन ने कहा, मैं आपको बताना चाहता हूं कि जीत हिलेरी की ही होने वाली है।""",0.15
HIN-test-00795,"""ऐसा करने पर उनकी पहचान को भी पूरी तरह से गुप्त रखा जाएगा।""
""केंद्र ने इसको गंभीर प्राकृतिक आपदा घोषित किया है।""",0.19
HIN-dev-00154,"""दो ग्रुप से कुल 12 खिलाड़ियों ने फाइनल के लिए क्वालीफाई किया है।""
""हमला करने के कारणों का अभी तक पता नहीं चल पाया है।""",0.06
HIN-test-00769,"""अख्तर पहले ऐसे खिलाड़ी थे जो 100 मीटर प्रति घंटे की रफ्तार से गेंदबाजी करते थे।""
""उन्होंने 2011 में संन्यास ले लिया था।""",0.59
HIN-test-00173,"""इससे पुलिस की नींद उड़ गई है।""
""पुलिस के मुताबिक चांदपोल हनुमान मंदिर के सामने दुकान नंबर 4 की छत पर ये शव मिला।""",0.37
HIN-test-00759,"""पुलिस ने मृतक की शिनाख्त के बाद एम्बूलेंस की मदद से पोस्टमार्टम के लिए एसएमएस अस्पताल की मोर्चरी भिजवाया।""
""पुलिस के मुताबिक मृतक 20 वर्षीय शैफुल्ला है जो कि उत्तर प्रदेश का रहने वाला है।""",0.46
HIN-dev-00095,"""उन्होंने बताया कि आने वाले वर्षों में रक्षा कारोबार रिलायंस ग्रुप और रिलायंस इन्फ्रास्ट्रक्चर का सबसे बड़ा कारोबार होगा।""
""देवानी अब तत्काल ब्रिटेन लौटने के लिए स्वतंत्र है।""",0.2
HIN-test-00222,"""बीते दो सत्रों में यह 280 अंक लुढ़का था।""
""मंगलवार को बाजार में ईद का अवकाश था।""",0.31
HIN-test-00822,"""इसी के चलते नेशनल असेंबली के हिंदू सदस्य लाल चंद माल्ही ने इसका खुलासा किया है।""
""उन्होंने बताया कि पाकिस्तान में हहिंदुओं का मजाक उड़ाया जाता है और उन्हें परेशान किया जाता है।""",0.66
HIN-test-00346,"""कोस्टा ने कहा कि बहुत सारे युद्ध प्रयासों को 2 से 300 मिलियन डॉलर से वित्तपोषित किया जा सकता है।""
""कोस्टा ने बताया कि वे युद्ध के लिए आवश्यक कई चीज़ों के भुगतान के लिए $2 से $300 मिलियन का उपयोग कर सकते हैं।""",0.87
HIN-test-00108,"""सुरक्षा कारणों के दुरुस्त करने के बाद ही खेल दोबारा शुरू किया गया।""
""दोनों की एक बेटी और बेटा है।""",0.03
HIN-dev-00180,"""वहीं कुछ लोगों ने इसे फिल्म लागत को वेस्ट बताया है।""
""फिल्म 15 मार्च को रिलीज़ होगी।""",0.47
HIN-test-00710,"""ऐसा बताया जा रहा है तेंदुआ लगातार अपनी जगह बदलता रहता है।""
""नवादा गांव में 27 नवंबर को एक तेंदुए ने एक महिला को अपना शिकार बनाया था।""",0.62
HIN-test-00549,"""वाणिज्यिक वाहनों की बिक्री इस दौरान 50.43% बढ़कर 68,846 वाहन रही।""
""पोरवाल के स्टार्टअप बिजस्टार्टडॉटइन पर युवाओं को यही मदद मिल रही है।""",0.27
HIN-test-00376,"""(आईएएनएस) अपने राज्य - शहर की खबर अख़बार से पहले पढ़ने के लिए क्लिक करे""
""इनके अलावा राजस्थान कांग्रेस के प्रमुख सचिन पायलट आदि नेताओं ने भी ट्वीट कर याद किया है।""",0.19
HIN-dev-00078,"""वहीं कंपनी ने जेनेवा मोटर शो में इस कार का प्रोडक्‍शन मॉडल पेश किया था।""
""लिवाली समर्थन के चलते पेट्रोलियम कंपनी बीपीसीएल, एचपीसीएल, आईओसी व आरआईएल के शेयर लाभ में बंद हुए।""",0.25
HIN-test-00130,"""इस पर करीब 4.2 लाख करोड़ रुपये का निवेश होने का अनुमान है।""
""इसके अलावा विमानन कंपनी को अब तक 13,000 करोड़ रुपये का घाटा हो चुका है।""",0.43
HIN-test-00331,"""अगर यह निवेदन मान लिया जाता है तो सरकार हलफनामे के लिए किसी भी यथोचित अवधि को स्वीकार करेगी।""
""उस समय डॉन सुपरहिट रही थी जबकि जान-ए-मन पिट गई थी।""",0.09
HIN-test-00262,"""उन्होंने केवल 14 मैचों में 51 विकेट हासिल किए थे।""
""पाकिस्तान के 23 वर्षीय गेंदबाज ने हालांकि अंतरराष्ट्रीय क्रिकेट में काफी अच्छी वापसी की है।""",0.4
HIN-test-00714,"""मैंने आज एक आकर्षक लेख पढ़ा।""
""मैंने आज डब्ल्यूएसजे में एक आकर्षक लेख पढ़ा।""",1.0
HIN-dev-00053,"""गुरुवार देर रात दोनों पक्षों के लोग गांव के निकट नहर पर आमने सामने हो गए।""
""दोनों पक्षों में जमकर मारपीट हुई।""",0.59
HIN-test-00386,"""भारतीय शेयर बाजार में गिरावट का दौर जारी है।""
""इस कारण खुदरा बाजार में प्याज की कीमत 55-65 रुपये प्रति किलो तक है।""",0.6
HIN-test-00474,"""जीएसटी से होने वाली सभी आय को हम केंद्र को पास कर देते हैं।""
""हम व्यापार करते हैं और इसका प्रभाव कुल उत्पादकता पर पड़ेगा।""",0.4
HIN-test-00400,"""यह उसे उभरती अर्थव्यवस्था में दुनिया की तीव्र वृद्धि वाले देश की श्रेणी में रखता है।""
""दुनिया की सबसे बड़ी सॉफ्टवेयर निर्माता कंपनी माइक्रोसॉफ्ट की कमाल भारतीय मूल के सत्या नडेला के पास हो सकती है।""",0.43
HIN-test-00725,"""प्लूटोनियम एक ऐसा पदार्थ है जिसका उपयोग परमाणु हथियार बनाने के लिए किया जा सकता है।""
""प्लूटोनियम एक ऐसी सामग्री है जिसका उपयोग वास्तव में शक्तिशाली बम बनाने के लिए किया जा सकता है जिसे परमाणु हथियार कहा जाता है।""",0.87
HIN-test-00362,"""संयुक्त राष्ट्र के प्रतिनिधि ने अंतरराष्ट्रीय समुदाय से रसायनों के ज्ञात तस्करों के बारे में अधिक जानकारी साझा करने का अनुरोध किया।""
""संयुक्त राष्ट्र का प्रतिनिधित्व करने वाले व्यक्ति ने सभी देशों से खतरनाक रसायन बेचने वाले बुरे लोगों के बारे में एक-दूसरे को बताने के लिए कहा।""",0.94
HIN-test-00595,"""दक्षिण अफ्रीका के खिलाफ भी पिछले साल ये कारनामा वे लगभग दोहरा चुके थे।""
""भारत का दक्षिण अफ्रीका दौरा जल्द ही शुरू होने जा रहा है।""",0.63
HIN-test-00659,"""जनसुनवाई में भाजपा इस तरह के शुल्क व अधिभार को वापस लेने की मांग कर रही है।""
""स्टेशन तय न होने से ट्रेनें अटक रही हैं, बसों की भारी कमी है।""",0.19
HIN-test-00244,"""लोगों को शांत रहने के लिए कहा गया है।""
""आपको बता दें कि सिद्धार्थ, विद्या बालन के पति हैं।""",0.11
HIN-dev-00039,"""राजधानी में एक सिपाही का ध्यान बंटाकर एटीएम कार्ड बदल 80 हजार रुपए निकालने का मामला सामने आया है।""
""मामला बनीपार्क थाना इलाके का है।""",0.45
HIN-dev-00117,"""भाजपा जनता के बीच जाने की हिम्मत नहीं जुटा पा रही है।""
""बिहार में इन लोगों ने राजनीतिक भ्रष्टाचार किया और अब गुजरात में कांग्रेस को तोड़ने में लगे हैं।""",0.38
HIN-test-00293,"""उसी दिन प्रधानमंत्री ने महाराष्ट्र में लातूर जिले के औसा में भी इसी तरह की अपील की थी।""
""महाराष्ट्र में आए राजनीतिक भूचाल के बाद से लगातार सियासी उलटफेर जारी है।""",0.56
HIN-test-00189,"""पुलिस मामले की जांच कर रही है।""
""इसके बाद पुलिस ने जांच शुरू की।""",0.54
HIN-test-00114,"""1990 में रिलीज हुई 'दिल' में अनुपम खेर और दिवंगत अभिनेता सईद जाफरी भी थे।""
""'बाहुबली 2' की कामयाबी ने अभिनेता प्रभास को एक अलग ही श्रेणी में लाकर खड़ा कर दिया है।""",0.37
HIN-test-00894,"""तीन आत्मघाती हमलावरों ने इस्तांबुल के मुख्य इंटरनेशनल एयरपोर्ट पर मंगलवार रात अंधाधुंध फायरिंग की।""
""इसके बाद उन्होंने खुद को उड़ा लिया।""",0.38
HIN-test-00864,"""इसमें उन्होंने उमराव जान की भूमिका निभाई थी।""
""उन्होंने ""बिग-बॉस"" और नृत्य पर आधारित रियलिटी शो ""झलक दिखला जा"" के साथ छोटे पर्दे का भी स्वाद चखा है।""",0.62
HIN-test-00061,"""आरोप है कि परिचित गोवर्धन लाल ने उसके साथ दुष्कर्म किया और अश्लील क्लिपिंग बना ली।""
""जसवंत नगर इलाके में एक मकान मालिक ने किरायेदार महिला के साथ उसके बच्चों के सामने ही दुष्कर्म कर डाला।""",0.65
HIN-test-00238,"""किडनी ट्रांसप्लांट कराने के बाद बेडरेस्ट पर चल रहीं सुषमा स्वराज ट्विटर पर पहले की ही तरह सक्रिय हैं।""
""उन्होंने एक महिला के पति का शव जापान की राजधानी टोक्यो से लाने में मदद का आश्वासन दिया है।""",0.38
HIN-test-00713,"""प्रदेश सरकार अब कुपोषण की निगरानी ‘शबरी पोषण कार्ड’ से करने जा रही है।""
""यह कार्ड प्रदेश के 39 जिलों की अति कुपोषित गर्भवती महिलाओं व बच्चों को दिया जाएगा।""",0.69
HIN-dev-00020,"""मैंने अपने सबसे अच्छे सपने में भी ऐसे मैच के बारे में नहीं सोचा था।""
""ब्राजील और सेनेगल दोनों टीमें गुरुवार को सिंगापुर नेशनल स्टेडियम में मैच खेलेंगी।""",0.38
HIN-test-00780,"""हालांकि चिटनीस ने तुरंत मंच पर माफी मांगी।""
""उन्होंने कहा कि उनकी बातों को गलत समझा जा रहा है।""",0.4
HIN-test-00471,"""इसमें 2,700 लोग कार्यरत हैं और इसका वार्षिक राजस्व लगभग 370 मिलियन डॉलर है।""
""इस कंपनी में लगभग 2,700 कर्मचारी हैं और यह हर साल लगभग 370 मिलियन डॉलर कमाती है।""",0.91
HIN-test-00388,"""बॉलीवुड एक्ट्रेस सोनम कपूर इन दिनों अपने रॉयल फोटोज़ को लेकर चर्चा में हैं।""
""फिर चाहें वो फोटोज़ उनके आलीशान घर की हों, या उनकी खुद की।""",0.59
HIN-dev-00203,"""उन्होंने कहा कि अमेरिका ने शिखर सम्मेलन में भागीदारी कर रहे देशों के लिए गुंजाइश बढ़ा दी है।""
""हालांकि उसने दो महीने पहले इंग्लैंड से 1-2 से सीरीज गंवाई थी।""",0.14
HIN-test-00757,"""दक्षिण अफ्रीका की ओर से महाराज और रबादा के अलावा लुंगी एनगिदी ने एक विकेट लिया।""
""चाल्र्स लैंगवेल्ड्ट और वेरनान फिलेंडर ने दो-दो विकेट हासिल किए।""",0.56
HIN-test-00566,"""इस फिल्म ने बॉक्स ऑफिस पर बेहतरीन प्रर्दशन किया।""
""फिल्म में रश्मिका और सिद्धार्थ के अलावा शारिब हाशमी, कुमुद मिश्रा नजर आने वाले हैं।""",0.54
HIN-test-00126,"""ब्रिटेन की महारानी ने मोदी के सम्मान में दी दावत, खुद की अगवानी""
""प्रधानमंत्री नरेंद्र मोदी के सम्मान में आज ब्रिटेन की महारानी एलिजाबेथ ने बकिंघम पैलेस में भोज दिया।""",0.78
HIN-test-00325,"""पुलिस ने रिपोर्ट दर्ज कर आरोपी को गिरफ्तार कर लिया है।""
""पुलिस वारदातस्थल के आस-पास लगे सीसीटीवी कैमरों की फुटेजों को खंगालने के साथ चोरों की तलाश कर रही है।""",0.51
HIN-test-00299,"""यदि एर्दोगन यह निर्णय अपने कारणों से करते हैं, न कि अमेरिकी दबाव से, तो वह यह चाहते हैं, वे इसे आगे बढ़ाएंगे।''
""यदि एर्दोगन ऐसा करना चुनते हैं क्योंकि वह ऐसा करना चाहते हैं, न कि इसलिए कि किसी ने उनसे ऐसा करने को कहा है, तो वह ऐसा करेंगे।""",0.83
HIN-test-00955,"""पुलिस ने मामला दर्ज कर जांच शुरू कर दी है।""
""वह बायें हाथ के आक्रामक बल्लेबाज थे।""",0.11
HIN-test-00599,"""(मेरे पास अतीत में कुछ समय है, ज्यादातर स्थानीय)""
""मैंने ऐसा पहले भी कई बार किया है, लेकिन केवल वहीं के आसपास जहां मैं रहता हूं।""",0.42
HIN-test-00440,"""एक्ट्रेस कियारा आडवाणी भी कोविड निगेटिव हैं।""
""इसके साथ ही एक्ट्रेस के पास एक मलयालम फिल्म भी है जिसमें वे लीड रोल में हैं।""",0.21
HIN-test-00456,""""" सलीम खान, मिल्खा सिंह के जीवन पर बनी फिल्म 'भाग मिल्खा भाग' का जिक्र कर रहे थे।""
""सलीम के इस बयान की प्रतिक्रिया में मिल्खा ने अपने दो दिन पुराने बयान को फिर से दोहराया।""",0.6
HIN-dev-00134,"""ब्रिगेडियर मुहम्मद उस्मान का जन्म आजमगढ़ जिले के बीबीपुर गांव में हुआ था।""
""इनके पिता खान बहादुर मुहम्मद फारूख पुलिस में आला अधिकारी थे जबकि इनकी मां जमीरून्निसां घरेलू महिला थी।""",0.58
HIN-test-00486,"""हरियाणा में करीब 300 करोड़ रुपये के चावल घोटाले में सरकार ने बड़ी कार्रवाई की है।""
""ए इससे चावल मिल मालिकों में हड़कंप मच गया है।""",0.81
HIN-dev-00092,"""कई देशों ने इस बारे में दिलचस्पी भी दिखाई है।""
""दरअसल इस साल योग दिवस पर 164 देशों में खादी से बनी योग किट दी गई।""",0.53
HIN-test-00305,"""इन नेताओं में कई पूर्व मुख्यमंत्री और केंद्रीय मंत्री रहे हैं।""
""आनंद शर्मा ने सवाल उठाते हुए कहा कि क्या भाजपा में सभी संत हैं?""",0.34
HIN-test-00521,"""यह आइडिया उन्होंने शाहिद से शेयर भी किया है।""
""सुनील ग्रोवर ने सलमान खान के साथ फोटो शेयर करते हुए लिखा- हैप्पी बर्थ डे सुल्तान।""",0.27
HIN-test-00382,"""शनिवार से जिले में परिषदीय विद्यालयों की परीक्षा शुरू हुई है ।""
""शनिवार को कक्षा 4 का हिन्दी का पेपर था ।""",0.81
HIN-test-00348,"""लेकिन सारे मामले को सबने सीरियसली ले लिया।""
""तालीबान ने अफगानिस्तान को कब्जे में लिया है।""",0.19
HIN-dev-00247,"""यहां पर प्रक्रिया पूरी होने के बाद पुलिस उन्हें लेकर वहां से 11.10 बजे निकल गई।""
""ऐसी स्थिति से निपटने के लिए वहां लोगों ने एक परंपरा शुरू कर दी है।""",0.31
HIN-test-00110,"""अभिनेत्री गौहर खान ने केवल 20 दिनों में 3.5 किलो वजन कम किया है।""
""उन्होंने इंस्टाग्राम पर 'लीन' लुक तस्वीर साझा किया ।""",0.63
HIN-test-00464,"""बंदरगाहों पर सड़ रहा करोड़ों का आयातित प्याज, दो सौ करोड़ का प्याज टर्की समेत कई देशों से हुआ आयात""
""सुरेंद्र प्रसाद सिंह, नई दिल्ली।""",0.26
HIN-test-00699,"""दिल्‍ली में युवाओं के हाथ में होगी सिंहासन की चाबी""
""इस विधानसभा चुनाव में 10,47,922 युवा मतदाता प्रत्याशियों के भाग्य का फैसला करेंगे।""",0.75
HIN-test-00276,"""छत्तीसगढ़ की नवगठित पांचवीं विधानसभा का पहला सत्र शुक्रवार को सदस्यों के शपथ ग्रहण के साथ शुरू हुआ।""
""प्रोटेम स्पीकर रामपुकार सिंह ने सदस्यों को पद एवं गोपनीयता की शपथ दिलाई।""",0.69
HIN-test-00195,"""जिसमें एक शख्स की मौतहो गई।""
""एक घायल को अस्पताल ले जाया गया।""",0.57
HIN-dev-00024,"""अन्य खेलों की खबरों के लिए यहां क्लिक करें""
""तो सलमान ने माहौल को लाइट बनाते हुए काफी मजाक किया और प्रिंस का मूड ठीक किया।""",0.0
HIN-test-00697,"""अब इसका इलाज संभव है, लेकिन पैसों की कमी आड़े आ रही है।""
""यही नहीं, गोली लगने से उनकी एक आंख की रोशनी भी जा चुकी है।""",0.71
HIN-test-00039,"""इस पूरे प्रकरण से जल्द पर्दा उठा दिया जाएगा।""
""उनके माता-पिता चाहते हैं कि जुनैद को अपनी पहचान बनानी चाहिए।""",0.35
HIN-test-00054,"""भारतीय मछुआरों के साथ बुरा बर्ताव किए जाने की खबर भी सामने आती रहती है।""
""एक बार फिर से हिंदू-मुस्लिम विभाजन बनाने का प्रयास नहीं किया जाना चाहिए।""",0.1
HIN-test-00821,"""क्या हम ग्रेसियर कॉलिन्स में सड़क पर हैं।""
""हम ग्रेसियर कॉलिन्स 12 में टोटो कोला जैसी ही सड़क पर हैं।""",0.79
HIN-test-00271,"""क्रिकेट की खबरों के लिए यहां क्लिक करें""
""अगली स्लाइड में भी पढ़े:-""",0.09
HIN-test-00479,"""[ अपने राज्य - शहर की खबर अख़बार से पहले पढ़ने के लिए क्लिक करे]""
""उन्होंने बताया कि आरोपी रवि को मंगलवार को सीकर पीसीपीएनटीडी कोर्ट में पेश किया जायेगा।""",0.1
HIN-dev-00114,"""वहीं, दूसरी बार वह पार्टी के टिकट पर 2010 में मध्य प्रदेश से राज्य सभा के लिए चुने गए।""
""उस पर केंद्रीय सामाजिक न्याय एवं अधिकारिता मंत्री थावरचंद गहलोत ने निर्देश दिए कि राज्य सरकार, शासनादेश को वापस ले।""",0.38
HIN-test-00594,"""पिछले चार महीने में कंपनी के शेयर की कीमत 60 फीसद तक गिर गई है।""
""पिछले वित्त वर्ष में सोने का सर्वाधिक आयात बैंक ऑफ नोवा स्कोटिया ने किया, जो करीब 150 टन था।""",0.35
HIN-dev-00068,"""इसलिए इसके संपादकीय में छपे विचार उनके ही माने जाते हैं।""
""सुन्नी बहुल मिस्र में ईसाई करीब दस फीसदी हैं।""",0.17
HIN-test-00506,"""पद्मावती के समर्थन में आए कमल हासन, कहा-दीपिका की स्वतंत्रता का सम्मान..""
""तमिल फिल्म अभिनेता कमल हासन पद्मावती में महत्वपूर्ण भूमिका निभा रहीं दीपिका पादुकोण के समर्थन में सामने आए हैं।""",0.82
HIN-test-00267,"""मलाइका अरोड़ा ने शेयर की बेटे संग पुरानी तस्वीर, लिखा- जब जिंदगी नॉर्मल थी""
""लॉकडाउन 3 लग चुका है जिसके बाद लॉकडाउन को दो हफ्तों के लिए बढ़ा दिया गया है।""",0.32
HIN-dev-00087,"""बता दें कि डब्ल्यूएचओ ने हाल ही में चेतावनी जारी की है कि दुनिया में तीसरी लहर की शुरुआत हो गई है।""
""दुनिया के कई हिस्सों में हालात बद से बदतर हो गए हैं।""",0.62
HIN-test-00602,"""विदेश से लौटे लोगों से होटल क्वारंटाइन की दोगुनी रकम लेने पर सख्त हुआ केंद्र, रुपये लौटाने का दिया निर्देश""
""स्वदेश लौटने वाले भारतीयों को होटलों में 14 दिन के लिए क्वारंटाइन किया जा रहा है।""",0.54
HIN-test-00772,"""साथ ही पंजाब में उसकी मां है और वह बीमार है।""
""वहां उसकी दोस्ती अंकुश नाम के लडके से हो गई।""",0.29
HIN-test-00650,"""बानी को गौरव इस बात पर समझा पाते हैं कि नहीं, यह आने वाले एपिसोड में पता चलेगा।""
""वहीं आरोपी युवक शादीशुदा है और सब्जी बेचने का काम करता है।""",0.34
HIN-test-00042,"""यह फिल्म मूल फिल्म से ज्यादा दिलचस्प होगी।""
""' वह फिल्म में रोजी का किरदार निभा रही है जो कि एक जैज सिंगर है।""",0.44
HIN-test-00237,"""चिली की टीम सातवें स्थान पर है, लेकिन वह दक्षिण अमेरिकी प्रतिद्वंद्वी कोलम्बिया से ऊपर है।""
""ब्राजील दूसरे, अर्जेंटीना तीसरे, पुर्तगाल चौथे और स्विट्जरलैंड पांचवें स्थान पर है।""",0.62
HIN-test-00887,"""इस फिल्म से हर्षवद्र्धन बॉलीवुड में डेब्यू कर रहे हैं।""
""यह फिल्म एक एक्शन थ्रिलर होगी।""",0.37
HIN-dev-00167,"""परिणीति चोपड़ा करेंगी प्रियंका चोपड़ा का सम्मान, देखें वीडियो""
""रविवार को ही खबर आई की प्रियंका चोपड़ा इंडिया आ रही हैं।""",0.75
HIN-test-00274,"""सीबीआइ सूत्रों ने बताया कि पहला मामला भिंडी बाजार में गोलीबारी से जुड़ा है।""
""इसे फरवरी 2010 में राजन के कथित शूटरों ने अंजाम दिया था।""",0.75
HIN-test-00472,"""अंश को अस्पताल से मिली आजादी लेकिन छूटा परिवार""
""मुंबई में नवजात बच्चा अंश को बाल गृह भेज दिया गया है।""",0.74
HIN-test-00609,"""इस पाकिस्तानी गेंदबाज़ को सचिन तेंदुलकर का विकेट लेकर मिली सबसे बड़ी खुशी""
""भारत और पाकिस्तान के बीच सरहद पर तो तनाव होता ही है।""",0.56
HIN-test-00361,"""पुलिस हथियार की खरीद-फरोख्त के बारे में पूछताछ कर रही है।""
""आज निधन हो गया।""",0.21
HIN-test-00688,"""पूरी दुनिया इस समय महामारी से जूझ रही है।""
""भारत में इस महामारी की वजह से आए दिन कई जानें जा रही हैं।""",0.63
HIN-test-00707,"""महिला उस समय घर में अकेली थी।""
""मथुरा गेट थाना क्षेत्र में एक महिला ने फंदा लगाकर आत्महत्या कर ली।""",0.59
HIN-test-00072,"""पुलिस आरोपित से फिलहाल पूछताछ कर रही है।""
""यह जानकारी देर शाम पुलिस अधीक्षक ने दी।""",0.48
HIN-test-00174,"""बॉलीवुड के शहंशाह यानि कि अमिताभ बच्चन कमाई के मामले में भी सिकंदर निकले।""
""हाल के दिनों में सबसे चर्चा में रहे बिट कॉइन में पैसा लगाकर उन्होंने अरबों रुपए कमा लिए।""",0.62
HIN-dev-00011,"""उन्‍होंने कहा कि राज्यसभा में चुनाव का बहिष्कार करेंगे।""
""इस चुनाव में निर्दलीय सुरेंद्र सिरसाढ़ ने 7525 वोट लिए थे।""",0.52
HIN-test-00504,"""रघुराम राजन को गवर्नर के तौर पर नहीं चाहिये दूसरा कार्यकाल""
""भारतीय रिजर्व बैंक के गवर्नर रघुराम राजन ने ने केंद्रीय बैंक के प्रमुख के तौर पर दूसरे कार्यकाल के लिए मना कर दिया है।""",0.87
HIN-test-00078,"""इन दिनों वह अपनी आगामी थ्रिलर फिल्म 'माइ बर्थडे सॉन्ग' क लेकर सुर्खियां बटोर रही हैं।""
""बता दें कि फिल्म में उन्हें मुख्य किरदार निभाते हुए देखा जाने वाला है।""",0.44
HIN-test-00003,"""पीएम मोदी अभिनेता के घर भी जा चुके हैं।""
""नक्सलियों को खोजने के लिए सर्च ऑपरेशन शुरू कर दिया गया है।""",0.12
HIN-dev-00030,"""इस माहौल में, अगर वे पिछले घृणाजनक प्रचार की थोड़ी आलोचना करते हैं तो क्या गलत है?""
""इस स्थान पर, यदि वे पहले फैलाए गए घटिया संदेशों के बारे में कुछ नकारात्मक कहते हैं तो इसमें बुरा क्या है?""",0.75
HIN-test-00275,"""अल-सिस्तानी के धार्मिक संगठनों से संबंधित एक अन्य वेबसाइट भी प्रभावित हुई थी।""
""अल-सिस्तानी के धार्मिक संगठनों के स्वामित्व वाली एक अन्य वेबसाइट, जिसे केएएस कहा जाता है, भी प्रभावित हुई।""",0.87
HIN-test-00569,"""केवल 8 यूएस डॉलर थे।""
""श्याम बेनेगल ने एक स्ट्रेटजी बनाई थी।""",0.15
HIN-dev-00237,"""इस हलवे के बनने और बंटने के बाद ही बजट के दस्तावेजों के छापने की प्रक्रिया शुरू होती है।""
""ये ममता से पूछे कि कांग्रेस के प्रति उनका क्या चिंतन है।""",0.3
HIN-test-00693,"""अपने राज्य - शहर की खबर अख़बार से पहले पढ़ने के लिए क्लिक करे""
""अगर महंत दोषी पाया गया, तो उसके खिलाफ क़डी कार्रवाई की जाएगी।""",0.26
HIN-test-00443,"""-पद्मश्री राम सुतार, प्रसिद्ध मूर्तिकार""
""ग्रामीणों ने उसकी जान बचाई।""",0.26
HIN-test-00824,"""मैं इस बात पर ध्यान दूंगा कि मैं सही समय पर सही चीजें कर सकूं।""
""ये भी देखें- वैष्णो देवी में हेलिकॉप्टर हादसा, देखें तस्वीरें""",0.19
HIN-test-00518,"""श्रीलंका का 9-0 से सफाया कर टीम इंडिया ने की ऑस्ट्रेलिया की बराबरी""
""टीम इंडिया ने श्रीलंका को कोलंबो में खेले गए एकलौते टी20 मैच में 7 विकेट से हरा दिया।""",0.4
HIN-test-00619,"""महत्वपूर्ण क्षणों में, हम सभी सम्राट यान और सम्राट हुआंग के वंशज हैं।""
""महत्वपूर्ण समय के दौरान, हम सभी सम्राट यान और सम्राट हुआंग से संबंधित हैं।""",0.9
HIN-test-00191,"""हाईस्पीड ट्रेन में खेलों लाइव प्रसारण. मनपसंद सीरियल भी देख सकेंगे""
""भारतीय रेल में जल्द ही हाईं स्पीड ट्रेन में सफर का रोमांच मिलेगा।""",0.63
HIN-test-00696,"""एक आनन्दपूर्ण, सौहार्दपूर्ण, मैत्रीपूर्ण, और शान्तिपूर्ण वातावरण में, यह पूरी तरह से समाप्त हो गया।""
""हर कोई खुश था, अच्छा था और मिल-जुलकर चल रहा था, लेकिन इसका अंत गंभीर तरीके से हुआ।""",0.57
HIN-test-00234,"""पुलिस मामले की जांच कर रही है।""
""पुलिस ने बताया कि भगवती नगर प्रथम करतारपुरा निवासी हरिमोहन बसंल ने मामला दर्ज कराया है।""",0.57
HIN-test-00881,"""कर्नाटक के मुख्यमंत्री बीएस येदियुरप्पा को कर्नाटक हाई कोर्ट से झटका लगा है।""
""हाई कोर्ट ने 'ऑपरेशन कमल' में उनकी भूमिका की जांच की अनुमति दे दी है।""",0.79
HIN-test-00825,"""उनका कहना है कि प्रतिस्पर्धा का होना अच्छी बात है।""
""जान्हवी ने आईएएनएस को बताया, ""मैं हेल्दी कम्पटीशन में यकीन रखती हूं।""",0.56
HIN-test-00565,"""राष्ट्रीय स्वयंसेवक संघ (आरएसएस) ने साई बाबा को भगवान माना है।""
""संघ के अनुसार, 'हिंदू दर्शन मानता है कि हर मनुष्य में ईश्वर निवास करते हैं।""",0.53
HIN-dev-00177,"""पुलिस ने बताया कि इस मामले में आरोपी सुखबीर सिंह को हरियाणा से गुरूवार सुबह गिरफ्तार कर लिया गया।""
""इसके बाद भी लोगों ने पथराव जारी रखा तो पुलिस को हल्का बल प्रयोग करना पड़ा।""",0.44
HIN-test-00620,"""वनडे में उनका बेस्ट स्कोर 54 रन था।""
""इसके अलावा उन्होंने वनडे क्रिकेट में 96 अर्धशतक भी बनाए।""",0.56
HIN-test-00736,"""प्रधानमंत्री रविवार को पूर्वी एशिया शिखर-सम्मेलन को संबोधित करेंगे।""
""भारत दस साल पहले यहां बने समूह का संस्थापक सदस्य है।""",0.68
HIN-test-00724,"""क्रिकेट की अन्य खबरों के लिए यहां क्लिक करें खेल जगत की अन्य खबरों के लिए यहां क्लिक करें""
""बाद में दोपहर को उसे जमानत पर रिहा कर दिया गया।""",0.06
HIN-test-00737,"""नंबर-3 का स्थान काफी अहम होता है।""
""उन्होंने यहां अच्छा किया है।""",0.41
HIN-dev-00046,"""कोतवाली इलाके में शादी का झांसा देकर एक महिला से देहशोषण करने का मामला सामने आया है।""
""पुलिस ने रिपोर्ट दर्ज कर जांच शुरू कर दी है।""",0.62
HIN-test-00216,"""टेनेसी में रहने वाले 51 वर्षीय हैडन ने ऎसा ही किया।""
""जिसमे कलयुगी दादा के अपनी 11 वर्षीय पोती के साथ छेड़छाड़ करने का आरोप लगाया गया है।""",0.29
HIN-test-00468,"""उनके चिर प्रतिद्वंद्वी मर्सिडीज के लुईस हैमिल्टन चौथे स्थान पर रहे।""
""भारत के एक अन्य निशानेबाज संजीव राजपूत को चौथा और स्वप्निल कुसले को छठा स्थान हासिल हुआ।""",0.43
HIN-dev-00271,"""हाल ही में नफीसा ने अपनी कैंसर के बाद हुई सर्जरी के दौरान का वीडियो शेयर किया है।""
""नफीसा अली सोढ़ी इंस्टाग्राम पर अक्सर अपनी तस्वीरें और वीडियो शेयर करती हैं।""",0.75
HIN-test-00532,"""यह मायने नहीं रखता कि आप कहां हो।""
""बोर्ड ने संघीय वित्त मंत्रालय को निर्देश दिया कि वह सईद के बारे में संबंधित रिकॉर्ड सौंपे।""",0.38
HIN-test-00075,"""यह मेल मिलते ही स्कूल में हड़कम्प मच गया और अफरा तफरी मच गई।""
""एकाएक पुलिस छावनी बने अपार्टमेंट को देखकर लोगों में हडक़म्प मच गया।""",0.5
HIN-test-00903,"""अगर आपको अपने बच्चों की फिक्र हैं तो...""
""फिलहाल कुछ खास बातों का ध्यान रखना ज़रूरी हैं...""",0.33
HIN-test-00438,"""आखिर में भारत ने दक्षिण अफ्रीका की पूरी टीम को 194 रनों पर समेट दिया।""
""हालांकि कोहली ने इस बार तस्वीर पूरी तरह से बदल दी।""",0.5
HIN-test-00372,"""लेकिन इस बैठक के लिए तात्कालिकता की भावना कल की हिंसा के बाद इजरायल और फिलिस्तीन दोनों द्वारा महसूस किए गए गुस्से से मेल खाती है।""
""लेकिन इस बैठक के लिए तत्कालता की भावना कल की हिंसा के बाद इजराइल और फिलीस्तीन दोनों के बीच मेलजोल की भावना टूटी हुई है।""",0.74
HIN-test-00321,"""2019: ने मैच जीता, ने दिल और ठोक डाला छक्कों का दोहरा शतक""
""महेंद्र सिंह धौनी अक्सर अनहोनी को होनी कर देते हैं।""",0.59
HIN-dev-00275,"""हमारे साथ बच्चे हैं और माताओं के पास खाने को देने के लिए कुछ नहीं है।""
""हमारे साथ बच्चे और कुकीज़ के पास के डॉक्टर के लिए कुछ नहीं है।""",0.45
HIN-test-00581,"""पुलिस ने लडकी को खरीदने वाले युवक और उसकी पत्नी को गिरफ्तार कर लिया है।""
""पुलिस ने चारों शवों को पोस्टमार्टम के लिए अस्पताल में रखवा दिया है।""",0.32
HIN-test-00448,"""जो भारत के प्रमुख दूरसंचार सेवा प्रदाता है।""
""वोडाफोन इण्डिया द्वारा आयोजित इस दंगल में कई जगहों से आए दिग्गज पहलवानों ने भी भाग लिया।""",0.46
HIN-test-00546,"""वहीं फिलिप्स को घरेलू 50 ओवरों के टूर्नामेंट फोर्ड ट्रॉफी में खेलने के लिए टीम से रिलीज कर दिया है।""
""आईसीसी टेस्ट रैंकिंग में नंबर वन टीम इंडिया के लिए ये सीरीज बेहद अहम मानी जा रही है।""",0.54
HIN-dev-00162,"""उनके पास अधिकांश नागरिकों की स्वीकृति है।""
""उनके पास निश्चित रूप से बुद्धि, अनुभव और अधिकांश नागरिकों का उपयोग है।""",0.89
HIN-test-00623,"""पराली प्रबंधन में राज्यों की नाकामी का ठीकरा कृषि मंत्रालय के माथे पर फूट रहा है।""
""ठंड शुरु होने के पहले किये जा रहे उसके दावे खोखले साबित हुए हैं।""",0.26
HIN-test-00645,"""श्रद्धा ने पूरी की ""बागी"" की शूटिंग""
""बॉलीवुड अभिनेत्री श्रद्धा कपूर ने अपनी आगामी फिल्म ""बागी"" की शूटिंग पूरी कर ली है।""",0.74
HIN-dev-00268,"""पीसीएस परीक्षा में 100 नंबर का होगा साक्षात्कार""
""लखनऊ| उत्तर प्रदेश कैबिनेट की मंगलवार को हुई बैठक में कई अहम फैसले लिए गए।""",0.36
HIN-test-00879,"""दोनों इससे पहले 11 बार एक-दूसरे से खेल चुके हैं।""
""मेजबान इंग्लैंड ने एसेक्स के तेज गेंदबाज जेमी पोर्टर को पहली बार टीम में मौका दिया है।""",0.59
HIN-test-00007,"""जिसमें उन्होंने बताया कि वह देश के सक्रिय बुजुर्गो के लिए भी नई नीति ला रहे है।""
""उज्जैन के एसपी ने बताया कि विकास दुबे ने अपना नाम गलत बताया था।""",0.02
HIN-dev-00241,"""देश में कोरोना वायरस से मौत का आंकड़ा 100 के पार पहुंचा, पिछले 12 घंटे में 26 की गई जान""
""देश में कोरोना वायरस का कहर तेजी से बढ़ता जा रहा है।""",0.72
HIN-test-00768,"""वह एक बड़ी प्रतिक्रिया थी।""
""वह भी अति-प्रतिक्रिया थी।""",1.0
HIN-test-00939,"""अंडे खरीदने के लिए बिपाशा ने मांगे...""
""प्रधानमंत्री के मंगलवार रात को किए गए ऐलान के बाद मानों हड़कंप मच गया है।""",0.09
HIN-dev-00111,"""इस बार प्रधानमंत्री के आगमन को देखते हुए समिति को उम्मीद है कि करीब एक लाख की भीड़ जुटेगी।""
""प्रधानमंत्री नरेंद्र मोदी भी इस माहौल में पूरी तरह से रंगे नजर आ रहे थे।""",0.59
HIN-test-00706,"""क्रिकेट की खबरों के लिए यहां क्लिक करें""
""फिलहाल उसके बदमाश पुलिस की पकड़ से दूर है।""",0.12
HIN-dev-00140,"""बीते सप्ताह सेंसेक्स 45.26 अंक यानी 0.12 प्रतिशत के नुकसान से 36,496.37 अंक पर आ गया।""
""जिसके आधार पर पुलिस ने सम्बधित धाराओं में मामला दर्ज कर कार्रवाही की।""",0.11
HIN-test-00379,"""बिजनेस की अन्य खबरों के लिए यहां क्लिक करें""
""खुला अय्याश बाबा का राज,औरतों को यूं फंसाती थी शिष्याएं""",0.13
HIN-test-00064,"""अंतर्राष्ट्रीय परमाणु ऊर्जा संस्था की लोगों, दस्तावेजों, साइटों तक पहुंच नहीं है।""
""अंतर्राष्ट्रीय परमाणु ऊर्जा एजेंसी लोगों, दस्तावेज़ों या स्थानों को नहीं देख सकती या उन पर नहीं जा सकती।""",0.72
HIN-test-00542,"""यूएस के वाणिज्य दूतावास पर हमले का कोड था वेडिंग हॉल""
""चेन्नई स्थित अमेरिकी वाणिज्य दूतावास पर आतंकी हमले की साजिश का कोड था 'वेडिंग हॉल'।""",0.79
HIN-test-00848,"""प्रधानमंत्री नरेन्द्र मोदी और भाजपा के लिए गुजरात में चुनौतियां कम होने का नाम नहीं ले रही हैं।""
""यहां इन्हें चुनौती देने के लिए नया नाम उभर कर आया है।""",0.43
HIN-test-00914,"""खंडार उपखंड इलाके स्थित रणथंभौर अभयारण्य में लगे सीसीटीवी कैमरे चोरी होने का मामला सामने आया है।""
""घटना खंडार रेंज की थुमका चौकी इलाके में हुई।""",0.72
HIN-test-00551,"""रिजर्व बैंक ने चालू वित्त वर्ष की दूसरी छमाही के लिए खुदरा मुद्रास्फीति अनुमान बढ़ाकर 5.1- 4.7 प्रतिशत किया।""
""इसका असर यह है कि यदि बैंक चाहें तो लोन की दरों में भी कमी कर सकते हैं।""",0.69
HIN-test-00907,"""उन वर्षों के कुओमिन्तांग-कम्युनिस्ट सहयोग को देखें और आपको पता चलेगा...""
""यदि आप उस समय को देखें जब कुओमितांग और कम्युनिस्टों ने एक साथ काम किया था, तो आप समझ जाएंगे...""",0.85
HIN-test-00876,"""आपने अपने पापा या दादाजी से लैंबरेटा स्‍कूटर के बारे में जरूर सुना होगा।""
""इसमें रिकार्ड डेट और बायबैक की अवधि के बारे में बताया जाता है।""",0.41
HIN-test-00580,"""इसी महीने ई-सिगरेट को लेकर दूसरा अध्यादेश भी जारी किया गया था।""
""सांवेर जेल के बंद प़़डे निर्माण को लेकर हाई कोर्ट ने तल्ख टिप्पणी की है।""",0.2
HIN-test-00794,"""हालांकि, सरकार ने कहा कि इसमें किसी तरह की गड़बड़ी पाए जाने पर कड़ी कार्रवाई की जाएगी।""
""जहां तक यूरिया की बात है सरकार इसका अधिकतम खुदरा मूल्य तय करती है।""",0.29
HIN-test-00893,"""कोविड-19 के चलते चुनाव आयोग ने पिछले हफ्ते ग्राम पंचायत चुनाव स्थगित करने की घोषणा की थी।""
""(फोटो- मिड डे, एएनआई)""",0.35
HIN-dev-00151,"""केंद्र सरकार ने राज्य स्वास्थ्य सचिवों की जल्द बैठक बुलाई है।""
""गौरतलब है कि विपक्ष की मांग के बाद मोदी सरकार ने इस बिल में तीन संशोधन किए थे।""",0.38
HIN-dev-00147,"""अन्नाद्रमुक समन्वयक एवं तमिलनाडु के पूर्व मुख्यमंत्री ओ. पन्नीरसेल्वम ने विधानसभा के उपनेता का पद ठुकरा दिया है।""
""विधानसभा में विपक्ष के नेता बने पूर्व मुख्यमंत्री पलानीस्वामी ने उन्हें उपनेता बनाने की पेशकश की थी।""",0.58
HIN-test-00411,"""हम निराश हैं क्योंकि हमारा अस्तित्व नहीं है।""
""हमारा निराश होना इस बात का अहसास दिलाता है कि हमारा व्यक्तित्व कमजोर है।""",0.69
HIN-dev-00121,"""इस दौरान हुई मारपीट में दोनों पक्षों की पांच महिलाओं सहित 6 लोग घायल हो गए।""
""इस दौरान दोनों पक्षों के आधा दर्जन से अधिक लोग घायल हो गए।""",0.78
HIN-test-00617,"""जच्चा की मौत पर परिजनों ने हॉस्पिटल में की तोड़फोड़""
""कल्याणपुर थाना क्षेत्र में स्थित प्राइवेट हॉस्पिटल में भर्ती महिला की प्रसव के बाद मौत हो गई।""",0.58
HIN-test-00858,"""चालक दल के 27 सदस्यों में से जहाज के कैप्टन सहित 13 भारतीय हैं।""
""हाजिर बाजार और वायदा बाजार में वस्तु के भाव में कोई बड़ा अंतर नहीं होता है।""",0.19
HIN-test-00562,"""भारत ने हालांकि मैच का स्थान बदलने की मांग नहीं की है।""
""वहीं ओपनर मुरली विजय के स्थान पर शिखर धवन को अंतिम-11 में मौका दिया गया है।""",0.42
HIN-test-00397,"""आइए अब यह जानते हैं कि इस हफ्ते सोने की कीमतों में कितना अंतर आया है।""
""आरबीआइ का यह इंडेक्स देश के प्रमुख शहरों में मकानों की कीमतों में उतार चढ़ाव का प्रमुख संकेतक है।""",0.36
HIN-dev-00086,"""साथ ही कंपनी अपने कर्मचारियों को समय पर सैलरी देने की स्थिति में भी नहीं है।""
""वे लंबे समय तक भारतीय मजदूर संघ से भी जुड़े रहे हैं।""",0.45
HIN-test-00522,"""खरीदारी के अधिकांश आत्मदमन 2002 के बाद से हुए हैं और परमाणु आपूर्तिकर्ता समूह के सदस्यों के हस्तक्षेप के परिणामस्वरूप हुए हैं।""
""2002 के बाद से ऐसे कई मामले सामने आए हैं जहां परमाणु आपूर्तिकर्ता समूह के सदस्यों की समस्याओं के कारण लोगों ने खुद को आग लगा ली है।""",0.69
HIN-test-00815,"""करण जौहर प्रोडक्शन की इस फिल्म का नाम फिलहाल तय नहीं है।""
""फिल्म का ऐश्वर्या का किरदार काफी प्रभावशाली है।""",0.65
HIN-test-00634,"""अल-सिस्तानी ने इराक में यौन विचलन और एक ईरानी मुहिम को बढ़ावा दिया क्योंकि अल-सिस्तानी का जन्म ईरान में हुआ था।""
""अल-सिस्तानी ने ऐसे व्यवहारों का समर्थन किया जिसे इराक और ईरान में कुछ लोग सामान्य नहीं मानते हैं, क्योंकि उनका जन्म ईरान में हुआ था।""",0.87
HIN-test-00015,"""उन्होंने कहा, 'मैं अपनी टीम को साथ लेकर चलता हूं लेकिन बतौर फिल्म प्रोड्यूसर मैं उदार हूं।""
""इस फिल्म में विक्रांत मल्होत्रा विद्या बालन को साइन करने जा रहे हैं।""",0.44
HIN-test-00037,"""पुलिस ने शनिवार को यह जानकारी दी।""
""पुलिस ने एफएसएल टीम की मदद से मौके से साक्ष्य जुटाए।""",0.46
HIN-test-00734,"""उसके बाद एक-एक करके कार्यकर्ताओं को भीतर बुलाया गया।""
""मंत्री जी सहकारी बैंक का अध्यक्ष बनवा दें""",0.15
HIN-test-00668,"""अमित राणा ने कहा कि अनुराग ठाकुर के कहने पर ही वह क्रिकेट की दुनिया में आए हैं।""
""गौरतलब है कि उत्तर प्रदेश में अपना दल और भारतीय जनता पार्टी का गठबंधन है""",0.21
HIN-test-00527,"""कोई डमी नहीं, ड्राइवरों ने बताया कि उनके पास अभी भी एक या दो प्रायोजकों के नाम के लिए उनकी मशीनों पर जगह है।""
""ड्राइवरों ने कहा कि वे अभी भी अपनी कारों पर एक या दो प्रायोजकों के नाम लिख सकते हैं।""",0.87
HIN-dev-00088,"""ये नए नियम 9 अगस्त से प्रभावी होंगे।""
""13 अगस्त तक चलेगा मानसून सत्र प्रधानमंत्री ने मंत्रियों से कहा कि वे सभी कार्यवाहियों से परिचित हो लें।""",0.5
HIN-test-00378,"""जानिए, अगले वित्त वर्ष से किस नाम से जानी जाएगी पंचवर्षीय योजना""
""नई दिल्ली ( हरिकिशन शर्मा) ।""",0.31
HIN-test-00104,"""बाद में समझाया भी था कि ये उनका किसी की तारीफ करने का अलग अंदाज़ है।""
""दक्षिण कैरोलीना में बीच के पास स्थित होटल और राज्य के उद्यानों को फिर से खोल दिया गया है।""",0.21
HIN-dev-00130,"""इस मैच में 8 विकेट की हार से ज्यादा बड़ा सिरदर्द तो नाकाम बल्लेबाजी से होगा।""
""दूसरे टेस्ट में भारत को कंडीशन के हिसाब से प्लेइंग को चुनना होगा।""",0.53
HIN-test-00115,"""इस वीडियो के साथ बॉलीवुड के ही-मैन ने लिखा- दोस्तों, आज अंतरराष्ट्रीय योग दिवस पर, जोश आ गया।""
""बॉलीवुड के महान कलाकारों में से एक कादर खान ने अपना दर्द बयां किया है।""",0.32
HIN-test-00327,"""इस घटना के बाद पूरे पुलिस महकमे में हड़कंप मच गया।""
""सिंथिया के मुताबिक, घटना 2011 में उस वक्त की है, जब वह राष्ट्रपति भवन में रहती थीं।""",0.43
HIN-test-00867,"""हालांकि, सप्ताह समाप्त होते-होते इसमें उथल-पुथल थमी।""
""विमुद्रीकरण पर तमाम टिप्प्णियां आईं, लेकिन इसके व्यावहारिक नतीजों से किसी ने इन्कार नहीं किया।""",0.39
HIN-test-00030,"""भारी बमबारी के बावजूद, जिसे यू.एस. सेंट्रल कमांड ने लक्षित सैन्य कमान और नियंत्रण प्रतिष्ठानों को बताया, इराकी शासन ने छोड़ने का कोई संकेत नहीं दिया।""
""हालाँकि अमेरिकी सेना ने उन स्थानों पर हमला किया जहाँ इराकी नेता अपनी सेना को बताते हैं कि क्या करना है, फिर भी इराकी नेताओं ने अपना काम बंद नहीं किया।""",0.9
HIN-dev-00084,"""डिविलियर्स ने मैच के दौरान भारत के खिलाफ वनडे में 1000 रन का आंकडा पार कर लिया।""
""कोहली का टॉप स्कोर 149 रन रहा।""",0.52
HIN-test-00751,"""अपनी पढ़ाई पूरी कर वह 23 साल की उम्र में वह सैन्य अकादमी चले गए।""
""द्वितीय विश्वयुद्ध में उन्हें अपनी फौज के साथ लड़ने का मौका मिला और अपनी हिम्मत और बहादुरी के जौहर दिखाए।""",0.63
HIN-test-00488,"""यदि चीजें आंखों से नहीं देखी जाती हैं और स्वयं कान से सुनी जाती हैं, तो उनके अस्तित्व को न मानें, वह सिर्फ अफवाह होती है।""
""यदि आप अपनी आँखों और कानों से कुछ नहीं देखते या सुनते हैं, तो विश्वास न करें कि यह वास्तविक है। हो सकता है ये महज़ एक अफ़वाह हो.""",0.88
HIN-test-00735,"""टीम के मुख्य कोच नील हॉगुड हैं।""
""लेकिन भारत ने अपनी शानदार रक्षात्मक रणनीति के तहत मेजबान टीम को बराबरी हासिल करने से दूर ही रखा।""",0.42
HIN-test-00492,"""इसमें से तीन गोली युवक को लगीं और उसकी मौके पर ही मौत हो गई।""
""चाकू के वार से उसकी आंत तक बाहर निकल आई।""",0.4
HIN-test-00920,"""भारत और अमेरिका के बीच द्विपक्षीय बातचीत के साथ अफ़ग़ानिस्तान और आतंकवाद के मुद्दे पर बात होने की सम्भावना है।""
""न्यूयार्क में सितंबर के महीने में संयुक्त राष्ट्र संघ के 72वें सम्मलेन के दौरान सुषमा स्वराज और टिलरसन के बीच मुलाक़ात हुई थी।""",0.65
HIN-test-00635,"""और ये नियम केवल दो या तीन जातियों पर ही क्यों लागू होते हैं?""
""केवल कुछ समूहों के लोगों को ही इन नियमों का पालन क्यों करना पड़ता है?""",0.69
HIN-test-00023,"""नवीनतम सप्ताह के दौरान 400 कर योग्य फंडों की संपत्ति 1.5 अरब डॉलर बढ़कर 352.7 अरब डॉलर हो गई।""
""400 फंडों में जिस धनराशि पर आपको कर चुकाना पड़ता है वह राशि पिछले सप्ताह में 1.5 बिलियन डॉलर बढ़कर कुल 352.7 बिलियन डॉलर हो गई है।""",0.82
HIN-test-00094,"""रहस्यमय परिस्थितियों में झुलसी महिला की मौत""
""रहस्यमय परिस्थितियों में आगसे झुलसी विवाहिता की मौत हो गयी।""",0.81
HIN-test-00934,"""हाल ही में न्यूज़वीक के अध्यक्ष नामित एलन स्पून ने कहा कि जनवरी में न्यूज़वीक की विज्ञापन दरों में 5% की वृद्धि होगी।""
""एलन स्पून, जो अब न्यूज़वीक के प्रभारी हैं, ने कहा कि जनवरी से न्यूज़वीक में विज्ञापन लगाने की लागत 5% बढ़ जाएगी।""",0.88
HIN-test-00700,"""वहां से नकली नोट छापने के आरोप में संदीप चौधरी व सुभाष कुमावत को गिरफ्तार किया गया।""
""जिन्हें बताया कि करीब एक वर्ष पूर्व भी यही व्यक्ति उसे नकली चांदी के गहने देकर गया था।""",0.33
HIN-test-00203,"""वीडियो में आप देख सकते हैं कि राज उन्हीं कपड़ों में हैं, जो उन्होंने गिरफ़्तारी के वक़्त पहने थे।""
""उन्होंने कहा, 'वो फिल्म ठंडे बस्ते में चली गई है।""",0.32
HIN-test-00776,"""नाकेबंदी में दो जनों को सवा पांच किलो अफीम के साथ पकड़ा""
""देहात पुलिस ने गुरुवार को नाकेबंदी के दौरान झारखंड निवासी दो जनों को पकड़ा।""",0.71
HIN-test-00301,"""वित्त मंत्री ने परंपरा के अनुसार संसद जाने से पहले राष्ट्रपति भवन में राष्ट्रपति से भेंट की।""
""इस बार भी अपनी फिल्म 'ट्यूबलाइट' को लेकर पूरी तरह से वो आश्वस्त हैं।""",0.12
HIN-test-00463,"""पुलिस आरोपी की तलाश में जुट गई है।""
""सरकार को इससे लगभग 4,000 करोड़ रुपये का राजस्व चालू वित्त वर्ष के दौरान हासिल होने की उम्मीद है।""",0.2
HIN-dev-00197,"""इतिहास पर आधारित फिल्म इस की बॉक्स ऑफिस पर दीपिका पादुकोण की फिल्म से टक्कर है।""
""दरअसल, इस फिल्म का नाम ''शर्मा जी की लग गई'' रखा गया है।""",0.5
HIN-test-00285,"""मैं शायद स्थिति पर अपनी भावनाओं को व्यक्त करूंगा और स्पष्ट कर दूंगा कि ऐसा दोबारा नहीं होना था।""
""मैं संभावित स्थिति पर अपनी भावनाओं को व्यक्त कर रहा हूं और स्पष्ट कर रहा हूं कि ऐसी छवि नहीं हो रही थी।""",0.69
HIN-test-00923,"""पीड़ित बताया कि उसने पुलिस को सुचना दे दी जिसपर पुलिस मौके पर पहुची।""
""इसके बाद लडकी की हत्या कर दी और शव को आग के हवाले कर दिया।""",0.38
HIN-test-00136,"""हल्के गुलाबी रंग के लहंगे में वो बेहद खूबसूरत लग रही हैं।""
""पहले वो फोटोग्राफर्स को देखकर रोने लगते थे, लेकिन अब उन्हें फोटो क्लिक करवाने में कोई दिक्कत नहीं होता।""",0.37
HIN-test-00592,"""आरोपितों से जब्त लेपटॉप में करीब 7 करोड़ रुपए का सट्टा हिसाब-किताब मिला है।""
""जब गलती समझ आई तो उन्होंने तुरंत उसे हटा लिया।""",0.27
HIN-dev-00125,"""बदमाशों ने ये फ्लैट 15 दिन पहले ही लिया था।""
""समिति जो भी अनुशंसा भेजेगी पीसीबी उसी के तहत निर्णय लेगा।""",0.19
HIN-test-00434,"""ऐसे में हम लोगों के पास भी दुबई में टी-20 विश्व कप कराने के अलावा कोई चारा नहीं होगा।""
""फिटनेस टेस्ट में पास होने के बाद वह इस मैच में खेल रहे हैं।""",0.31
HIN-test-00414,"""प्रतिभावान शरद केलकर का पहला लुक।""
""लेकिन आपको ऐसा नहीं लगता कि अमृता के वेडिंग लुक को इस नथ ने और खास बना दिया है।""",0.48
HIN-test-00290,"""पाकिस्तानी सेना ने से लगे गांवों और चौकियों पर की गोलीबारी, भारत ने दिया मुंहतोड़ जवाब""
""पाकिस्तानी सेना की नापाक हरकत लगातार दूसरे दिन भी जारी रही।""",0.66
HIN-test-00306,"""क्रिकेट की अन्य खबरों के लिए यहां क्लिक करें खेल जगत की अन्य खबरों के लिए यहां क्लिक करें""
""कई लोग हिमालय में ट्रेकिंग की शुरुआत जोमसोम से करते हैं।""",0.09
HIN-test-00142,"""मुझे लगता है कुछ भ्रष्ट अधिकारियों को रिश्वत दी गई नाकी अभिजात वर्ग को।""
""मेरा मानना है कि सरकार के लिए काम करने वाले कुछ बुरे लोगों को बेईमानी करने के लिए पैसे दिए गए थे, महत्वपूर्ण और शक्तिशाली लोगों को नहीं।""",0.82
HIN-test-00948,"""पुलिस ने इनके पास से एक दर्जन से अधिक मोबाईल बरामद किए हैं।""
""पुलिस आरोपितों से अवैध मादक पदार्थ की खरीद-फरोख्त के बारे में पूछताछ कर रही है।""",0.38
HIN-test-00283,"""हत्यारों ने राव का शव शोभावतों की ढाणी स्थित झाडिय़ों में फेंक दिया।""
""शव की शिनाख्त आर्टिफिशियल सामान बेचने वाले कूपसिंह के रूप में हुई।""",0.62
HIN-test-00375,"""मुंबई पुलिस को राज के पास से 119 अश्लील वीडियो मिले हैं।""
""राम गोपाल वर्मा ने अपने आधिकारिक ट्विटर अकाउंट के जरिए एक वीडियो शेयर किया है।""",0.4
HIN-test-00120,"""मैं डेमोक्रेटिक पार्टी को एक और सीनेट सीट देने के संदर्भ में सोच रहा हूं।""
""मैं सरल तरीके से समझाना चाहता हूं कि डेमोक्रेटिक पार्टी के एक और व्यक्ति को सीनेट में विशेष नौकरी मिल सकती है।""",0.83
HIN-dev-00091,"""चांदी हाजिर की कीमत 690 रुपए की गिरावट के साथ 44,310 रुपए प्रति किलोग्राम पर रही।""
""चांदी साप्ताहिक डिलिवरी का भाव 1,050 रुपए की हानि के साथ 43,230 रुपए प्रति किलोग्राम पर बंद हुआ।""",0.55
HIN-test-00826,"""उनके लिए रोजाना उनके घर से पका खाना आता है।""
""रिपोर्ट्स के मुताबिक, इस वक्त वह मणिरत्न की एक तमिल फ़िल्म कर रही हैं।""",0.25
HIN-test-00547,"""यह चालू वित्त वर्ष की तुलना में करीब 10 प्रतिशत अधिक है।""
""इस दौरान आयात में भी 0.75 प्रतिशत की गिरावट आई और यह 41.14 अरब डॉलर के बराबर रहा।""",0.44
HIN-test-00535,"""फिल्म अभिनेत्री मल्लिका शेरावत प्रधानमंत्री नरेंद्र मोदी से काफी प्रभावित हैं।""
""उनका कहना है कि यदि उन्हें उपयुक्त मंच मिला तो वह राजनीति में जरूर आना चाहेंगी।""",0.58
HIN-test-00408,"""अभी इस खबर को लेकर कोई ऑफिशियली कोई खुलासा नहीं किया गया है।""
""बता दें कि एकता कपूर का यह शो 6 साल से चलता आ रहा था।""",0.29
HIN-test-00694,"""पुलिस ने पांचों बदमाशों को गिरफ्तार कर चोरी की दोनों बाइक को जब्त किया।""
""पुलिस मामले की जांच कर रही है।""",0.52
HIN-test-00754,"""गौरतलब है कि जोया और सोनाली के बीच फिल्म शूटिंग के दौरान झगड़ा हो गया था।""
""बता दें कि हाल ही में फिल्म का गाना हंस मत पगली रिलीज किया गया था।""",0.42
HIN-dev-00287,"""छोटे पर्दे पर भी वह काफी ज्यादा छाए रहे।""
""साल 2016 में गूगल पर सबसे ज्यादा सर्च हुए टाॅप 10 टाॅपिक्स""",0.09
HIN-test-00681,"""8 अगस्त 2008 के दौरान रिपोर्टों मे इस बारे में विरोधभास था की क्या जॉर्जियाई या रूसी सेना ने त्स्खिंवाली का नियंत्रण जीत लिया था।""
""8 अगस्त 2008 को, इस बारे में अलग-अलग रिपोर्टें आईं कि क्या जॉर्जियाई या रूसी सेनाओं ने त्सखिनवाली पर कब्ज़ा कर लिया है।""",0.81
HIN-test-00921,"""प्रधानमंत्री के इस फैसले की वजह से देशभर में नकदी का गंभीर संकट पैदा हो गया।""
""ताजमहल परक्यों पसरा है सन्नाटा, जानिए आप भी""",0.12
HIN-test-00034,"""फिलहाल पुलिस ने पोस्टमार्टम करा कर शव परिजनों को सुपूर्द कर दिया और मामले की जांच-पड़ताल में जुट गई है।""
""सैंपल को जांच के लिए मधुबन लैब में भेज जाएगा।""",0.6
HIN-dev-00044,"""हालांकि आईसीसी टेस्ट ऑलराउंडर में वर्ल्ड नंबर दो खिलाड़ी रविंद्र जडेजा भारतीय वनडे और टेस्ट टीम का हिस्सा हैं।""
""लारा ने ट्वीट किया, ""वेस्टइंडीज के लिए वनडे में सबसे ज्यादा रन बनाने वाले बल्लेबाज बनने पर बधाई हो गेल।""",0.34
HIN-test-00761,"""राहुल गांधी के बयानों में गंभीरता नहीं - परनामी""
""प्रदेश बीजेपी अध्यक्ष अशोक परनामी ने कांग्रेस उपाध्यक्ष राहुल गांधी के आरोपों पर पलटवार किया है।""",0.64
HIN-test-00871,"""जॉर्जियाई अधिकारियों ने बताया कि 8 अगस्त 2008 को पोटी के काला सागर बंदरगाह पर लगभग 1 हवाई हमला तो हुआ था।""
""2008 में जॉर्जिया के लोगों ने बताया कि 8 अगस्त को पोटी नाम की जगह पर हवाई जहाज़ से हमला हुआ था. पोटी काला सागर के पास एक बंदरगाह है।""",0.9
HIN-test-00508,"""इसके लिए कई जिलों में पूरी तैयारी कर ली गई है।""
""इस थैले में पार्टी के चुनाव चिह्न् की तस्वीर और योजना का नाम भी लिखा गया है।""",0.43
HIN-test-00541,"""सयुंक्त राज्य अमेरिका, अन्य पश्चिमी देशों और नाटो ने हिंसा की निंदा की।""
""संयुक्त राज्य अमेरिका, अन्य पश्चिमी देशों और नाटो ने कहा कि वे हिंसा से नाराज़ और परेशान हैं।""",0.79
HIN-test-00902,"""सूत्रों के मुताबिक भारत और ब्राजील इस बैंक की बागडोर चीन के हाथों में नहीं जाने देना चाहते।""
""सिलेंडर लाने ले जाने के दौरान दुर्घटना पर बीमा कवर उपलब्ध नहीं होगा।""",0.16
HIN-test-00424,"""अमेरिकी सरकार ने तुरंत मिसाइल परीक्षण की आलोचना की।""
""अमेरिकी सरकार को मिसाइल परीक्षण पसंद नहीं आया और उसने तुरंत इसके बारे में कुछ गलत कहा।""",0.84
HIN-test-00239,"""राधे मां की थीम पर हुई किटी पार्टी, टि्वटर पर फोटो वायरल""
""विवादास्पद राधे मां फिलहाल सोशल मीडिया पर छाई हुई हैं।""",0.67
HIN-dev-00146,"""वर्ष 2017 में देश के रियल एस्टेट सेक्टर में करीब 700 करोड़ अमेरिकी डॉलर का निवेश संभव है।""
""ऐसा एक प्रॉपर्टी कंसल्टेंट सीबीआरई का कहना है।""",0.67
HIN-dev-00223,"""सिलीगुड़ी के बिप्लब सरकार को इस साल का 'ग्लेनफिडिक इमर्जिग आर्टिस्ट' चुना गया है।""
""सूक्ष्म कलाकृतियां (मिनियेचर आर्ट) बनाने वाले सरकार यह सम्मान पाने वाले सातवें व्यक्ति हैं।""",0.42
HIN-test-00930,"""क्या अपमानित करने का हक सोनिया गांधी ने इस नेता को दिया है।""
""अजय के बच्चे उनसे मिलने के लिए और वहां के मौसम का आनंद उठाने के लिए काफी उत्साहित हैं।""",0.15
HIN-dev-00240,"""मुझे लग रहा था कि वह तुरंत नहीं मरा, और यह पता चला कि मेरी भावना सही थी।""
""मुझे लग रहा था कि वह तुरंत नहीं मरा, और यह पता चला कि मैं सही था।""",0.78
HIN-dev-00062,"""चांदी सिक्का अपने पूर्वस्तर 85000-86000 रुपये प्रति सैकड़ा पर यथावत रहा।""
""यहां से विभाग ने नशीली दवाओं की 18 बोतलें भी सीज हैं।""",0.08
HIN-dev-00099,"""पीएम नरेंद्र मोदी 'विश्व युवा कौशल दिवस' के अवसर पर बुधवार को वीडियो के जरिए संबोधित करेंगे।""
""कल स्किल इंडिया मिशन की 5वीं वर्षगांठ है।""",0.58
HIN-test-00643,"""आप यह सुनिश्चित क्यों नहीं कर सकते कि आप वास्तव में परेशान थे और आप नहीं चाहते कि वे आपके बच्चों को फिर कभी मारें।""
""आप यह तय क्यों नहीं कर सकते कि आप वास्तव में चिंतित हैं कि वह आपके बच्चों को फिर कभी मारें।""",0.81
HIN-dev-00280,"""योजनाओं के क्रियान्वयन की समय समय पर समीक्षा होती है और जरूरत के मुताबिक उसमें सुधार किये जाते हैं।""
""इसके आधार पर अब कोतवाली पुलिस आगे की कार्रवाई करेगी।""",0.27
HIN-dev-00262,"""यह उनकी पोशाक का एक बड़ा हिस्सा है जब आप शहरों से दूर जाते हैं।""
""जब आप शहरों से बाहर यात्रा पर जाते हैं, तो एक विशिष्ट वस्तु लाना वास्तव में महत्वपूर्ण होता है जो उनके पहनने के साथ मेल खाती हो।""",0.72
HIN-dev-00052,"""हत्या गर्दन पर नुकीली चीज से वार कर की गई है।""
""जितार्थ को घायल अवस्था में प्रयाग अस्पताल में भर्ती कराया गया है।""",0.38
HIN-test-00022,"""पीडि़त की शिकायत पर पुलिस ने प्रकरण दर्ज कर चोरों की तलाश शुरू कर दी है।""
""गेंदबाजी में जरूर कागिसो रबाडा और लुंगी नगिदी ने अच्छा किया है लेकिन उनकी मेहनत बेकार ही रही है।""",0.1
HIN-test-00572,"""यह आंकड़ा बीते वर्ष के 2.51 करोड़ टन की तुलना में कम रहेगा।""
""साथ ही मामले की जांच में जुट गई है।""",0.21
HIN-test-00415,"""बॉलीवुड में देशभक्ति को लेकर कई फिल्में बनी हैं।""
""इन फिल्मों में कई सुपहिट गाने भी हैं जो देशप्रेम की भावना से रूबरू कराते हैं।""",0.69
HIN-test-00941,"""राष्ट्र को स्वच्छ रखने की जरूरत है।""
""प्रशासन ने संदिग्ध हमलावर और पीड़ितों की पहचान उजागर नहीं की है।""",0.23
HIN-test-00484,"""पता चला, उस चीज़ ने मुझे भी बुरी तरह प्रभावित किया है।""
""जब मुझे पता चला कि उस चीज़ ने मुझ पर बहुत बुरा प्रभाव डाला है।""",0.84
HIN-dev-00142,"""घटना के तुरंत बाद आसपास के लोग मौके पर पहुंचे और घायल को एमडीएम अस्पताल लेकर गए।""
""षणमुगम ने कहा, 'हम सीएम और अन्‍य मंत्रियों से सलाह लेंगे और अगली कार्रवाई पर फैसला लेंगे।""",0.34
HIN-test-00454,"""पीड़ित के मुताबिक बदमाषों ने लकड़ी और सरियों से मारपीट की।""
""पुलिस के मुताबिक रात करीब 2 बजे नीम का थाना सीकर के रहने वाले विजय की तबीयत खराब थी।""",0.31
HIN-test-00295,"""जल्द ही आपके मोबाइल और इंटरनेट का बिल बढ़ने वाला है, इसका संकेत एयरटेल ने दिया है।""
""टेलीकॉम दिग्गज और एयरटेल के प्रमुख सुनील मित्तल ने गुरुवार को कहा कि टेलीकॉम उद्योग जबरदस्त तनाव में है।""",0.71
HIN-test-00672,"""बता दें कि सुरेश रैना को मिस्टर आइपीएल कहा जाता है, क्योंकि उन्होंने आइपीएल में सबसे ज्यादा रन बनाए हैं।""
""वहीं, एशिया कप में भारत के खिलाफ सबसे ज्यादा रन बनाने का रिकॉर्ड सनथ जयसूर्या के नाम है।""",0.47
HIN-test-00447,"""घटना के कारणों के बारे में अभी स्पष्ट जानकारी नहीं हो पाई है।""
""उसे पुलिस रिमांड पर लेकर अन्य अभियुक्तों व बरवाला क्षेत्र से लापता अन्य बच्चों के बारे में पूछताछ की जाएगी।""",0.35
HIN-test-00043,"""उनके इस डिनर में शामिल होने से बिहार की राजनीति में नए कयास लगाए जा रहे हैं।""
""नियुक्ति को मंजूरी देने वाली चयन समिति में मुख्य न्यायाधीश रंजन गोगोई भी सदस्य के रूप में शामिल थे।""",0.4
HIN-test-00702,"""अमेरिकी राष्ट्रपति डोनाल्ड ट्रंप अमेरिकी अर्थव्यवस्था को सुरक्षित और चरणबद्ध तरीके से खोलने का समर्थन किया है।""
""अमेरिकी अर्थव्यवस्था कोरोना वायरस के प्रकोप के चलते बुरी तरह प्रभावित है।""",0.63
HIN-dev-00074,"""14 मई 2008 को 7 नाटो सहयोगियों ने एक शोध केंद्र को निधि देने के लिए एक समझौते पर हस्ताक्षर किए।""
""14 मई 2008 को, नाटो का हिस्सा सात देश एक अनुसंधान केंद्र को धन देने पर सहमत हुए।""",0.86
HIN-test-00445,"""कृषि का लागत मूल्य कम करने के लिए हमने कई कदम उठाए।""
""इसके लिए सॉयल हेल्थ कार्ड जारी किया, ताकि पता चले की कितना खाद डालना चाहिए।""",0.5
HIN-dev-00273,"""2008 में सोमालिया तट से 25 से अधिक जहाजों का अपहरण किया गया था, जिसमें 1 से 2 मिलियन अमेरिकी डॉलर की फिरौती ली गई थी।""
""2008 में, सोमालिया के पास बुरे लोगों ने 25 से अधिक नावों पर कब्ज़ा कर लिया और नावों को जाने देने के बदले में बहुत सारे पैसे मांगे।""",0.91
HIN-dev-00149,"""ये बात मिशन की तरफ से जारी एक विज्ञप्ति में कही गई।""
""बाबा हरदेव का शुक्रवार को कनाडा में एक सड़क दुर्घटना में निधन हो गया था।""",0.06
HIN-test-00245,"""एक अध्ययन में कहा गया है कि दक्षिण में प्रति एकड़ उच्च उत्पादन की विशेषता अच्छे बढ़ते मौसम के कारण है।""
""दक्षिण में, वे एक छोटी सी जगह में बहुत सारी चीज़ें उगाने में सक्षम हैं क्योंकि उनके पास चीज़ें उगाने के लिए साल का वास्तव में अच्छा समय होता है।""",0.86
HIN-test-00947,"""विधानसभा जाने से पहले राज भवन में भी राज्यपाल कल्याण सिंह को राष्ट्रीय सलामी दी गई।""
""लडकी की शिकायत पर पुलिस ने घरेलू हिंसा के तहत प्रकरण दर्ज कर लिया है।""",0.1
HIN-test-00132,"""नादौती थानाधिकारी राजेंद्र शर्मा ने बताया की मृत बच्चों के शव चिकित्सालय पहुंचाये है।""
""दोनों के शव सोमवार सुबह बिलौखर चौक के पास मिले।""",0.46
HIN-test-00935,"""साथ ही परिवार को भी समझाया गया है कि वह उसके साथ कुछ गलत ना करें।""
""उन्होंने इतने ही टेस्ट मैचों में 27.16 के औसत से 3124 रन भी बनाए हैं।""",0.16
HIN-test-00304,"""शेनन गेब्रिएल, रोस्टन चेस और क्रेग ब्राथवैट को एक-एक विकेट मिला।""
""इस फिल्म में उनके साथ अभिनेता ऋषि कपूर भी अहम किरदार में दिखाई देने वाले हैं।""",0.15
HIN-test-00170,"""पूर्व हैवीवेट मुक्केबाजी चैंपियन मुहम्मद अली ने दुनिया को अलविदा कह दिया है।""
""उन्हें सांस लेने में तकलीफ के बाद अस्पताल में भर्ती कराया गया था।""",0.67
HIN-test-00113,"""ये खिलाड़ी भारत से पहले भी द्विपक्षीय श्रृंखला खेल चुके हैं।""
""अंतर्राष्ट्रीय क्रिकेट परिषद (आईसीसी) की रैंकिंग के अनुसार भारत, इंग्लैंड और पाकिस्तान के 97 अंक हैं।""",0.37
HIN-dev-00257,"""नफीसा अली सोढ़ी इंस्टाग्राम पर अक्सर अपनी तस्वीरें और वीडियो शेयर करती हैं।""
""जिसके जरिए वो अपने फैंस को अपनी जिंदगी दिखाती रहती हैं।""",0.78
HIN-dev-00070,"""वहीं ट्रांसजेंडर छात्रों का रिजल्ट 100 फीसदी रहा है।""
""हालांकि तब विभिन्न स्कूलों के 65184 छात्र ऐसे भी रहे जिनका रिजल्ट समय पर तैयार नहीं किया जा सका।""",0.59
HIN-test-00792,"""जॉर्जिया ने रूस के समर्थन को राज्य-हरण का कार्य करार दिया।""
""जॉर्जिया ने रूस के प्रति अपने समर्थन को राज्य पर कब्ज़ा करने का गलत कार्य बताया।""",0.83
HIN-test-00323,"""एक दूसरा रॉकेट खेत में गिरा और दूसरा शरणार्थी शिविर के अंदर एक घर से टकराया, लेकिन बिना किसी हताहत के, फिलिस्तीनी सुरक्षा सूत्रों ने कहा।""
""क्षेत्र को सुरक्षित रखने वाले लोगों के अनुसार, दो और रॉकेट शरणार्थी शिविर के एक खेत और एक घर में गिरे, लेकिन सौभाग्य से किसी को चोट नहीं आई।""",0.88
HIN-test-00141,"""कांग्रेस सांसद और वरिष्ठ नेता अंबिका सोनी ने पार्टी आलाकमान के प्रस्ताव को ठुकरा दिया है।""
""उन्होंने पंजाब के मुख्यमंत्री पद की पेशकश के प्रस्ताव को स्वीकार करने से इनकार कर दिया है।""",0.47
HIN-test-00519,"""विराट कोहली चाहते थे कि मैं भारतीय टीम का कोच बनूं.""
""''जब कोहली ने संपर्क किया तभी मैंने आवेदन किया, लेकिन मैं कोच नहीं बना.""",0.71
HIN-test-00252,"""खोह नागोरियान इलाके में शादी का झांसा देकर एक युवती से देहशोषण का मामला सामने आया है।""
""पुलिस ने रिपोर्ट दर्ज कर जांच शुरू कर दी है।""",0.51
HIN-test-00747,"""पड़ोसियों ने दरवाजा धक्का देकर खोलने की कोशिश भी की।""
""पुलिस ने चोरों को जल्द पकडऩे का आश्वासन देकर मामले को शांत कराया।""",0.23
HIN-test-00144,"""तुर्की के एक सैन्य प्रवक्ता ने शनिवार को इस बात से इनकार किया कि तुर्की की सेना इराक में घुस गई है।""
""तुर्की सेना की ओर से बोलने वाले एक व्यक्ति ने कहा कि तुर्की सैनिक इराक में नहीं गए थे।""",0.74
HIN-test-00685,"""उन्होंने कहा कि सामाजिक सशक्तिकरण पर उनका जोर दुनियाभर के लाखों लोगों को प्रेरित करता है।""
""आरोपियों ने बेरहमी से नाबालिग पीडि़ता के शरीर को कई जगहों पर जख्मी भी कर दिया।""",0.23
HIN-test-00090,"""केंद्रीय खेल मंत्रालय ने अनियमितताओं के कारण पहले ही एसजीएफआइ को अगले आदेश तक निलंबित किया है।""
""चोटिल होने के कारण वो लंबे समय से अंतरराष्ट्रीय क्रिकेट से बाहर रहे थे।""",0.39
HIN-test-00248,"""युवाओं के संगठनों से उम्रदराज पदाधिकारियों को हटा कर अधिकतम 35 वर्ष आयु वाले नेताओं को ही जगह मिलेगी।""
""पार्टी सूत्रों का कहना है कि राज्य के बीजेपी नेताओं को दिल्ली तलब किया गया है।""",0.38
HIN-dev-00202,"""यूक्रेन संयुक्त राष्ट्र के सभी नियमों और हथियार नियंत्रण समझौतों का पालन करता है।""
""यूक्रेन संयुक्त राष्ट्र नामक समूह द्वारा बनाए गए सभी नियमों और समझौतों का पालन करता है कि देशों को कैसे व्यवहार करना चाहिए और हथियारों को नियंत्रित करना चाहिए।""",0.92
HIN-test-00441,"""विभिन्न प्रकार के 5000 उन्नत लड़ाकू विमानों का निर्माण करें।""
""हमें 5000 बेहद शानदार लड़ाकू विमान बनाने की ज़रूरत है जो एक-दूसरे से अलग हों।""",0.82
HIN-test-00185,"""शिवदासपुरा थाना पुलिस ने शुक्रवार को अंतरराज्यीय वाहन चोर गिरोह का पर्दाफाश कर तीन शातिर बदमाशों को पकड़ा है।""
""पुलिस ने आरोपियों से 13 मोटरसाइकिलें बरामद की हैं।""",0.62
HIN-test-00846,"""सांगानेर सदर इलाके में एक खाली प्लाट में नवजात बच्ची के मिलने से सनसनी फैल गई।""
""सूचना पर पहुंची पुलिस ने मासूम को कब्जे में लेकर अस्पताल भिजवाया।""",0.54
HIN-test-00665,"""अब अपनी कमेंट्री के दौरान उन्होंने अपनी ड्रीम टेस्ट टीम की घोषणा की।""
""मैं अपने अनुभव को साझा करता हूं, न केवल टीम में स्पिनरों के साथ, बल्कि अन्य खिलाडिय़ों के साथ भी।""",0.59
HIN-dev-00242,"""ऐसे में आपका यह रिचार्ज पूरी तरह से फ्री भी हो सकता है।""
""पुलिस ने मामला दर्ज कर लिया है और जांच की जा रही है।""",0.12
HIN-test-00666,"""हालांकि उन्होंने इस बारे में ज्यादा कुछ नहीं कहा।""
""चीन इससे पहले चार बार इस कदम में रोड़े अटका चुका है।""",0.38
HIN-test-00633,"""हाल के वर्षों में बड़े तेल राजस्व ने रूसी संघ की सरकार को हथियार खरीदने और नई मिसाइलों के विकास को निधि देने की अनुमति दी है।""
""रूसी सरकार हथियार खरीदने और नई मिसाइलें बनाने में सक्षम है क्योंकि उन्होंने तेल बेचकर बहुत पैसा कमाया है।""",0.81
HIN-test-00391,"""वे कांग्रेस के कुशासन के खिलाफ हैं।""
""मगर कांग्रेस अध्यक्ष ने तत्काल इसमें संशोधन करते हुए कहा कि राहुल ने किया।""",0.5
HIN-test-00743,"""दुनिया में हेरोइन की समस्या के लिए केवल अफगानिस्तान को दोष देना सही नहीं है।""
""यह कहना उचित नहीं है कि विश्व में हेरोइन समस्या का एकमात्र कारण अफगानिस्तान है।""",0.85
HIN-test-00808,"""उन्होंने कहा कि महाराष्ट्र में ऐसा लगता है कि सरकार से ज्यादा सर्कस चल रहा है।""
""साथ ही कहा कि उन्होंने हमेशा अन्याय के खिलाफ आवाज उठाई और नाजुक दौर में देश का नेतृत्व किया।""",0.37
HIN-dev-00035,"""इस घटना को रिजर्व अंपायर ने भी देखा था जिसके बाद शब्बीर की शिकायच मैच रेफरी से की गई।""
""मैन ऑफ द मैच धवन ने मैच के बाद कहा कि लंबी पारी खेलने में मुझे आनंद आता है।""",0.42
HIN-dev-00189,"""भारत की महिला बैडमिंटन टीम यहां जारी उबेर कप टूर्नामेंट के सेमीफाइनल में हार गई।""
""चीन ने शुक्रवार को भारत को 3-0 से हराकर फाइनल में प्रवेश किया।""",0.44
HIN-dev-00218,"""इसमें पैसा बैंक खाते से ही डाले जा सकेंगे।""
""रिजर्व बैंक की ओर से कहा गया जनवरी, 2017 तक एसएलआर घटाकर 20.5 प्रतिशत कर दिया जाएगा।""",0.23
HIN-test-00322,"""दिवाली के बाद वायु की गुणवत्ता बुरी तरह प्रभावित होने के बाद एयर प्यूरीफायर का बाजार गरमा गया है।""
""एयर प्यूरीफायर कंपनियां इस मौके का लाभ उठाते हुए अपनी बिक्री में उल्लेखनीय बढ़ोतरी की उम्मीद कर रही हैं।""",0.76
HIN-dev-00026,"""लोकतांत्रिक जनता दल के नेता शरद यादव ने उत्तर प्रदेश में विपक्ष को एकजुट करने का बीड़ा उठाया है।""
""पूर्व केंद्रीय मंत्री और जनता दल यूनाइटेड के संस्थापकों में से एक शरद यादव आज लखनऊ में थे।""",0.59
HIN-test-00146,"""मिशेल 2004 के बाद इस स्पर्धा में स्वर्ण पदक जीतने वाली कनाडा की पहली खिलाड़ी है।""
""कोहली अतिरिक्त उछाल के सामने कुछ नहीं कर पाए और पहली स्लिप पर खड़े डारेन ब्रावो को कैच दे बैठे।""",0.31
HIN-test-00302,"""संजय लीला भंसाली और वायकॉम18 पिक्चर्स इसके निर्माता हैं।""
""वहीं छत्तीसगढ़ की एक विधानसभा सीट चित्रकोट से राममन बेंजम को कांग्रेस ने टिकट दिया है।""",0.19
HIN-test-00300,"""साथ ही ये दोनों कई सालों से कमेंटेटर की भूमिका भी निभा रहे हैं।""
""इसकी समीक्षा की जाएगी, क्योंकि स्थानीय लोग और सेवादार इसका विरोध कर रहे हैं।""",0.19
HIN-test-00365,"""बीते दिनों उनके चर्चित शो 'बड़े अच्छे लगते हैं' को दस साल पूरे हुए हैं।""
""डीवीआर दानय्या के बैनर तले निर्मित ‘आरआरआर’ एक बड़े बजट की फिल्म है।""",0.38
HIN-test-00047,"""सोनिया गांधी से मैं पूछना चाहता हूं कि क्या ऐसे बयान देने वाले नेता पर कोई कार्रवाई करेंगी।""
""शिकायत में कहा गया है कि टेंडर देने में जानबूझ कर विलंब किया गया ताकि लागत की राशि बढ़ जाए।""",0.31
HIN-test-00152,"""इसके बाद पीडिता के साथ लूटपाट कर तीनों आरोपी मौके से फरार हो गए।""
""पीडिता को मेडिकल जांच के लिए भेज दिया गया है।""",0.62
HIN-test-00530,"""ओलम्पिक जगत के सभी सदस्य हमारे एम्बेस्डर हैं।""
"" दिग्गज एथलीट ने कहा, ""आईओए को सोचना चाहिए कि एम्बेस्डर की क्या जरूरत है?""",0.5
HIN-test-00041,"""जस्टिस रंजन गोगोई देश के अगले मुख्य न्यायाधीश होंगे।""
""वे तीन अक्टूबर को मुख्य न्यायाधीश के पद की शपथ लेंगे।""",0.67
HIN-test-00695,"""अयोध्या में राम जन्मभूमि पर मालिकाना हक के मुकदमें में एक पक्षकार भगवान राम भी हैं।""
""रामलला ने अदालत में जन्मभूमि पर अपना दावा पेश करते हुए मालिकाना हक मांगा है।""",0.79
HIN-test-00310,"""गांव गोद लेंगे सीएआरआइ के वैज्ञानिक""
""जल्द ही जिले के कुछ गांवों में वैज्ञानिक झाड़ लेकर सफाई की अलख जगाते नजर आएं तो मत चौकिएगा।""",0.62
HIN-test-00789,"""राहुल को लेकर कांग्रेस में रार, संदीप दीक्षित ने दिया बड़ा बयान पढ़ेंः""
""राहुल की वापसी पर भाजपा बोली, क्या आप सीरीयस हैं""",0.7
HIN-test-00056,"""इन चारों को दस दिनों की पुलिस हिरासत में भेज दिया गया है।""
""हांलांकि पुलिस हत्या और आत्महत्या दोनों पहलुओं पर जांच कर रही है।""",0.38
HIN-test-00339,"""वे न तो किसी चीज पर प्रतिबंध लगा रहे हैं और न ही किसी को कुछ भी करने से रोक रहे हैं।""
""वे यह नहीं कह रहे हैं कि आप कुछ नहीं कर सकते या आपको कुछ करना बंद करने के लिए नहीं कह रहे हैं।""",0.75
HIN-test-00564,"""इस नाते सेना का आकार घटाने का फैसला तथ्यों और आंकड़ों पर आधारित होना चाहिए।""
"" सिलेंडर 800 रुपए, शतक लगाने की ओर है डॉलर...""",0.25
HIN-test-00924,"""जबकि पहले स्टांप वेंडर को दस रुपये का स्टांप बेचने पर 10 पैसा कमीशन मिलता था।""
""फिल्म ‘हाफ गर्लफ्रेंड’ के लेखक चेतन भगत द्वारा लिखित इसी नाम के एक उपन्यास का रूपांतरण है।""",0.23
HIN-dev-00259,"""फिल्म के बारे में बताते हैं कि काजोल के साथ काम करने में उन्हें काफी मज़ा आया।""
""गौरतलब है कि इस गाने में उर्वशी रौतेला ने काफी बोल्ड सीन्स दिए हैं।""",0.39
HIN-test-00112,"""क्या किसी का गृह राज्य राज्य के बाहर से समलैंगिक विवाह को मान्यता देगा यह एक और मामला है।""
""किसी का गृह राज्य राज्य के बाहर से समलैंगिक विवाह को चुनौती देता है यह एक और मामला है।""",0.63
HIN-dev-00005,"""शिकायत मिलने पर छावनी पुलिस ने तीनों आरोपियों को उनके ठिकानों से पकड लिया है।""
""पुलिस ने मामला दर्ज कर लिया है, लेकिन अभी तक किसी की गिरफ्तारी नहीं हुई है।""",0.47
HIN-test-00334,"""तदुपरांत शालोम को ब्रिटिश प्रधानमंत्री टोनी ब्लेयर और विदेश सचिव जैक स्ट्रॉ के साथ बातचीत के लिए लंदन की और उड़ान भरी।""
""फिर, शालोम ब्रिटेन के नेता, टोनी ब्लेयर और विदेशी मामलों के प्रभारी व्यक्ति, जैक स्ट्रॉ के साथ बातचीत करने के लिए लंदन गए।""",0.9
HIN-dev-00164,"""रानी लक्ष्मीबाई पर बनने वाली ये फिल्म एक. . .""
""फिल्म 'पूर्णा' 31 मार्च को रिलीज हो रही है।""",0.36
HIN-dev-00122,"""'बजरंगी भाईजान' ने पांच दिन में कमा लिए 150 करोड़""
""सलमान खान की 'बजरंगी भाईजान' ने मंगलवार को 21.40 करोड़ रुपए कमाए हैं।""",0.62
HIN-test-00002,"""राजेंद्र नगर इलाके में घर के बाहर खड़ी बाइक को पालक झपकते ही चोरी कर लिया गया।""
""चोरी की तस्वीरें सी सीटीवी में कैद हो गयी।""",0.87
HIN-dev-00120,"""रामलीला मैदान उसी तरह से पहुंचें जैसे दूसरे लाखों लोग पहुंच रहे हैं।""
""इस वीआईपी कल्चर के खिलाफ ही तो हमें जनता ने चुना है।""",0.39
HIN-test-00919,"""फिल्म का ट्रेलर चार भाषाओं- हिन्दी, तमिल, तेलुगू व मलयालम में जारी किया गया।""
""यह किसी भी भारतीय फिल्म का यूट्यूब पर सर्वाधिक देखा जाने वाला ट्रेलर बन गया है।""",0.71
HIN-dev-00139,"""ग्रामीण इलाकों में कार्ड तथा पीओएस मशीनों की आपूर्ति के लिए भी एक योजना शुरू की जाएगी।""
""हालांकि , निरीक्षण वाले 1,000 विमानों का पांच प्रतिशत 50 के आसपास बैठता है।""",0.14
HIN-test-00201,"""ब्राजील में एक चौंकाने वाली घटना में 10 वर्षीय एक लडकी ने बच्चे को जन्म दिया है।""
""यह लडकी के सौतेले पिता की करतूत का नतीजा है।""",0.42
HIN-test-00396,"""अभी तक सरकार अक्षम है!""
""अब तक, सरकार अपना काम करने में बहुत अच्छी नहीं रही है।""",0.77
HIN-dev-00278,"""आरोपी युवती की तरफ से भी जमानत याचिका दायर कर दी गई।""
""वहां इलाज के दौरान कुशलपाल की मौत हो गई।""",0.17
HIN-dev-00207,"""इस पर कैबिनेट की अगली बैठक में ही चर्चा होगी और उसे पास कराया जाएगा।""
""प्रदेश सरकार का फीड बैक मिलने के बाद दो महीने के भीतर अंतिम दस्तावेज तैयार कर लिया जाएगा।""",0.58
HIN-dev-00194,"""इस घटना के बाद स्कूल के प्रधानाचार्य जेंग शिनयु को जिला शिक्षा ब्यूरो ने पद से निलंबित कर दिया है।""
""बाद में पुलिस ने विजय शिव का शव पोस्टमार्टम के लिए जिला अस्पताल की मोर्चरी में रखवाया।""",0.17
HIN-test-00062,"""पुलिस ने कार व उसमें रखी 35 कॉटून (1680 पव्वे) देशी शराब जब्त की है।""
""वह वर्ष 2015 में राजस्थान पुलिस में कांस्टेबल पद पर भर्ती हुआ था।""",0.25
HIN-test-00882,"""दिमित्री मेदवेदेव ने सेना को टोपोल-एम जैसी नई मिसाइलें मिल रही हैं।""
""दिमित्री मेदवेदेव ने कहा कि यह अच्छी बात है कि सेना को टोपोल-एम नाम की नई मिसाइलें मिल रही हैं.""",0.83
HIN-test-00212,"""मंदिर में आया चोर, कैमरे में कैद हुई करतूत ""
""साल 2016 में क्या कुछ हुआ: साल 2017 में क्या कुछ हुआ:""",0.17
HIN-dev-00043,"""आइए जानते हैं बाजार में मौजूद ऐसे ही फोन के बारे में जो पावरफुल बैटरी के साथ आते हैं।""
""हालांकि, तिपहिया बाजार में अभी कंपनी को अड़चनों का सामना करना पड़ रहा है।""",0.23
HIN-dev-00161,"""विश्वकर्मा थाना पुलिस ने मसाला पैकिंग की एक फैक्ट्री पर रविवार रात छापेमारी की कार्रवाई की।""
""पुलिस घटना की जांच में जुटी हुई है।""",0.44
HIN-test-00678,"""सहवाग ने आईपीएल के मिडिल ओवर में 172.68 के स्ट्राइकरेट से रन बनाए हैं।""
""दूसरे टेस्ट मैच में मेलबर्न में उसने ऑस्ट्रेलिया के 262 के स्कोर के जवाब में 445 रन बनाए थे।""",0.42
HIN-test-00251,"""उनाकदट को राजस्थान रॉयल्स ने 11.5 करोड़ की भारी भरकम रकम देकर खरीदा था।""
""अब उनादकट ने आईपीएल में एक अनोखा कमाल कर हर किसी का ध्यान अपनी तरफ खींचा है।""",0.58
HIN-dev-00127,"""सोशल मीडिया पर अमिताभ को बधाई देने का सिलसिला शुरू हो गया है।""
""कल्पना लाजमी ने श्याम बेनेगल के साथ सहायक निर्देशक के रूप में अपना सफर शुरू किया था।""",0.22
HIN-test-00763,"""मारुति सुजूकी के द्वारा जारी आंकड़ों के मुताबिक दिसंबर में मिनी सेग्मेंट के 27772 वाहनों को उत्पादन हुआ था।""
""जो कि पिछले साल के इसी महीने में 25613 के स्तर पर था।""",0.74
HIN-test-00621,"""इसलिए पड़ोसी राज्यों का वनोपज यहां के लोगों के माध्यम से बेचा जाता रहा है।""
""अपने राज्य - शहर की खबर अख़बार से पहले पढ़ने के लिए क्लिक करे""",0.17
HIN-dev-00058,"""केंद्रशासित प्रदेश लक्षद्वीप में नए नियमन के मसौदे का विवाद बढ़ता जा रहा है।""
""अब कांग्रेस के पूर्व अध्यक्ष राहुल गांधी ने प्रधानमंत्री नरेंद्र मोदी को इस मुद्दे पर पत्र लिखा है।""",0.33
HIN-test-00392,"""जेड प्लस सुरक्षा में ऐसी कोई सुविधा नहीं है और उसे लुटियंस दिल्ली में बंगला खाली करना होगा।""
""अन्य खेलों की खबरों के लिए यहां क्लिक करें""",0.17
HIN-test-00418,"""ऐसे में एसबीआइ की तरफ से बुधवार को उठाया गया कदम खासा मायने रखता है।""
""खेल की खबरों के लिए यहां क्लिक करें""",0.09
HIN-test-00405,"""मध्यप्रदेश की राजनीति में उठापटक जारी है।""
""भाजपा अपने मध्यप्रदेश के विधायकों को हरियाणा के गुरुग्राम ले आई है।""",0.46
HIN-test-00211,"""8 अगस्त 2008 को जॉर्जियाई सरकार की वेबसाइटें असंतत रूप से ध्वस्त हो गईं।""
""अगस्त 2008 में एक विशेष दिन पर, जॉर्जियाई सरकार की वेबसाइटें लुका-छिपी के खेल की तरह रुकती और शुरू होती रहीं।""",0.88
HIN-test-00313,"""बिजनेस सेक्शन की अन्य खबरों के लिए यहां क्लिक करें""
""स्टर्लिग मैन ऑफ द मैच चुने गए।""",0.16
HIN-dev-00097,"""इस बढ़ती हुई राशि को अफगानिस्तान में भी परिवर्तित किया जा रहा है।""
""अफगानिस्तान में अधिक से अधिक चीजें बदली जा रही हैं।""",0.75
HIN-test-00673,"""ईरानी सरकार ने संयुक्त राष्ट्र सुरक्षा परिषद की मांग को खारिज कर दिया है कि ईरान यूरेनियम के संवर्धन को निलंबित कर दे।""
""ईरानी सरकार ने यूरेनियम नामक एक निश्चित प्रकार के पदार्थ का निर्माण बंद करने के संयुक्त राष्ट्र सुरक्षा परिषद के अनुरोध को अस्वीकार कर दिया।""",0.93
HIN-test-00091,"""उसके दो परिचितों ने फ्लैट में कथित रूप से महिला के साथ दुष्कर्म किया।""
""इमरान की नयी फिल्म बादशाहो 1 सितम्बर को रिलीज़ होने जा रही है।""",0.18
HIN-test-00476,"""पहले फर्जी चेक दिया, फिर दुकानदार को धमकाया""
""दुकानदार से सामान लिया और बाद में भुगतान के नाम पर उसे फर्जी चेक दे दिया।""",0.73
HIN-test-00167,"""इस फनी वीडियो में एक ट्विस्ट है।""
""शिल्पा ने इंस्टाग्राम पर राज के साथ एक फनी वीडियो शेयर किया।""",0.54
HIN-test-00799,"""भारतीय निशानेबाजों ने आइएसएसएफ विश्व कप में अपना सर्वश्रेष्ठ प्रदर्शन करते हुए सभी मिक्स्ड टीम खिताब जीतकर इतिहास रच दिया।""
""जिम्बाब्वे की टीम 22 फरवरी से ढाका के शेरे बांग्ला स्टेडियम में यह टेस्ट मैच खेलेगी।""",0.38
HIN-test-00058,"""इसे भी पढ़ें- शानदार फिगर और बोल्डनेस से कभी मचाया था तहलका, कितनी बदल गई हैं अब""
""अनिल और सलमान की जोड़ी शानदार रही है।""",0.32
HIN-dev-00210,"""इसके बाद पति-पत्नी थाने पहुंचे और आरोपी के खिलाफ रेप, धोखाधडी और ब्लैकमेल करने का मामला दर्ज करवाया।""
""राजस्थान के श्रीगंगानगर में ऑनर किलिंग का सनसनीखेज मामला सामने आया है।""",0.31
HIN-test-00098,"""सैफ ने कट्रीना के बारे में कुछ ऐसा कहा कि करीना गईं चौंक!""
""क्या सैफ अली खान, करीना कपूर से शादी कर खुद को लकी नहीं मानते हैं?""",0.65
HIN-dev-00258,"""इसके बाद भारत के राजपत्र में इसका प्रकाशन भी हुआ।""
""फिर ढिल्लों ने ब्लेड से एलिस का गला कथित तौर पर 6 बार रेत दिया।""",0.16
HIN-test-00417,"""सिटी पैलेस में आयोजित किए जा रहे ‘हिस्ट्री फेस्टिवल‘ के तहत ‘इंडिया की खिचड़ी‘ पुस्तक का विमोचन किया गया।""
""इस पुस्तक में देश के विभिन्न भागों में बनाई जाने वाली खिचड़ी की 51 रेसिपीज है।""",0.79
HIN-dev-00076,"""उन्होंने दुनिया के मौजूदा हालात में बदलाव लाने के लिए अपने लक्ष्य तय किये और उन्हें हासिल किया।""
""इस सूची में स्थान पाने वालों में नियो लाइट के को-फाउंडर 27 वर्षीय विवेक कोपार्थी भी हैं।""",0.31
HIN-test-00197,"""पुलिस ने आरोपी पर पचास हजार रुपए का इनाम भी घोषित कर रखा था।""
""पुलिस का कहना है कि मामला दर्ज कर जांच शुरू हो गई है।""",0.52
HIN-test-00756,"""भाषण की स्वतंत्रता सापेक्ष है। हमें राष्ट्रीय परिस्थितियों को ध्यान में रखना होगा।""
""अभिव्यक्ति की स्वतंत्रता हमेशा सभी के लिए समान नहीं होती है। यह प्रत्येक देश के नियमों और स्थिति पर निर्भर करता है।""",0.69
HIN-test-00086,"""इन तीनों खिलाड़ियों ने अपना पिछला मैच मंगलवार को मुंबई में इंग्लैंड के खिलाफ खेला था।""
""पूछताछ में सामने आया है कि दोनों आरोपी विदेश भागने की तैयारी कर रहे थे।""",0.15
HIN-dev-00012,"""उनके अनुसार इन बेकसूर बच्चों को पौष्टिक भोजन भी उपलब्ध नहीं कराया जा रहा है।""
""इससे पहले साध्वी प्रज्ञा ठाकुर ने जनसंख्या नियंत्रण को लेकर भी बयान दिया था।""",0.27
HIN-test-00553,""". छात्रा. . क्या ये भारत को तोड़ने वाली ताकतों का हिस्सा बनने के मानक हैं?""
""संकट की इस घड़ी ने प्रधानमंत्री नरेंद्र मोदी के नेतृत्व वाली सरकार के सामने गंभीर चुनौतियां खड़ी कर दी हैं।""",0.43
HIN-dev-00106,"""आरोपी से छुटकर यह महिला भाग गई और लोगों को रोती हुई मिली।""
""सेक्टर-58 पुलिस स्टेशन में आनन-फानन में एफआईआर दर्ज कर एक आरोपी को गिरफ्तार कर लिया गया।""",0.45
HIN-test-00273,"""इससे खादी ग्रामोद्योग को तीन करोड़ का नफा हुआ।""
""साथ ही दुबई, अमेरिका, दक्षिण अफ्रीका और मॉरीशस ने अपने यहां खादी स्टोर खोलने को लेकर दिलचस्पी दिखाई।""",0.69
HIN-dev-00082,"""अभियोजक जनरल आफिस ने एक बयान में कहा-""
""अटॉर्नी जनरल के कार्यालय ने एक बयान में कहा:""",0.53
HIN-test-00480,"""वर्ष 2017 में भाजपा ने मेयर पद के लिए शिवसेना के विश्वनाथ महादेश्वर का समर्थन किया था।""
""वहीं भाजपा का मानना है कि लोकसभा 2014 के फार्मूले पर होना चाहिए और विधानसभा 2015 के फार्मूले पर।""",0.31
HIN-test-00728,"""केरल के मनीष (96 रन)को मैन ऑफ द मैच चुना गया।""
""अभी छह मैच बचे हैं।""",0.58
HIN-dev-00025,"""भारत और इंग्लैंड के बीच रविवार को लॉड्र्स के ऐतिहासिक मैदान पर महिला वनडे विश्व कप का फाइनल खेला जाएगा।""
""रोहित ने विश्व कप 2015 में 330 रन बनाए थे।""",0.39
HIN-dev-00064,"""उन्होंने कहा कि जीएसटी जल्द ही मूर्तरूप लेगा।""
""साथ ही पुलिस आरोपियों के अन्य साथियों का पता लगाने में जुट गई है।""",0.2
HIN-test-00866,"""मिली जानकारी के अनुसार, अपराधियों ने बुजुर्ग दंपती और एक नौकरानी की गला रेतकर हत्या कर दी।""
""पुलिस ने हत्या करने वाली छोटी बहन को गिफ्तार कर लिया।""",0.47
HIN-dev-00032,"""न्यूज़वीक में एक पूर्ण, चार-रंग वाले पृष्ठ की कीमत $100,980 होगी।""
""न्यूज़वीक में चार रंगों वाले एक पूरे पेज की कीमत बहुत बड़ी रकम होगी, $100,980।""",0.8
HIN-dev-00001,"""जालपुरा में बुधवार को फर्जी एसीबी अधिकारी को असली एसीबी ने धर दबोचा।""
""आरोपी एसीबी अधिकारी बनकर लोगो से चौथ वसूली कर रहा था।""",0.56
HIN-test-00164,"""संघीय सरकार ने यू.एस. बचत बांड की बिक्री को निलंबित कर दिया क्योंकि कांग्रेस ने सरकारी ऋण पर सीमा नहीं हटाई है।""
""अमेरिकी सरकार ने बचत बांड बेचना बंद कर दिया क्योंकि कांग्रेस ने उन्हें अधिक धन उधार लेने की अनुमति नहीं दी।""",0.81
HIN-dev-00002,"""राज्यपाल नहीं पहुंच सके, इसलिए उपराज्यपाल ने विशेष अतिथियों का स्वागत किया.""
""राज्यपाल उपलब्ध नहीं थे, इसलिए उपराज्यपाल ने महत्वपूर्ण आगंतुकों का अभिवादन किया।""",0.94
HIN-test-00922,"""मेरा घर ग्रेसियर में है, वह लगभग ढह चुका है।""
""मेरे घर ग्रेसियर में है, उसने लगभग भुगतान कर दिया है।""",0.42
HIN-test-00118,"""झोटवाडा थाना पुलिस ने अवैध हथियार लेकर घूमते दो बदमाशों को सोमवार रात गिरफ्तार किया है।""
""बजाज नगर थाना पुलिस ने बालिका से छेड़छाड़ के मामले में एक बालअपचारी को निरूद्ध किया है।""",0.4
HIN-test-00092,"""यह देख डॉक्टर भी हैरान रह गए, आखिर वह किडनी गई तो कहां गई।""
""एहतियाती तौर पर महिला के सीने का एक्सरे कराया गया तो इस कुदरती अजूबे का पता चला।""",0.43
HIN-test-00951,"""प्वॉइंट्स टेबल में धोनी की टीम पहले नंबर पर बरकरार है, तो वहीं कोलकाता की टीम चौथे नंबर पर है।""
""किवी वनडे टीम में तेज गेंदबाजों की तिकड़ी ट्रेंट बोल्ट, मैट हैनरी और लोकी फर्ग्यूसन की वापसी हुई है।""",0.41
HIN-test-00834,"""सलमान ख़ान यानी 'बॉलीवुड के भाई' के पास फैंस की कमी नहीं है।""
""उनकी फ़िल्म हो या सोशल मीडिया अकाउंट उनके फैंस पहुंच ही जाते हैं।""",0.6
HIN-test-00601,"""वे देश में खेल और विकास की योजनाओं को भी बढ़ावा दे रही हैं।""
""हालांकि, आठ ग्राम वाली गिन्नी 26,100 रुपए प्रति इकाई पर कायम रही।""",0.1
HIN-test-00233,"""हममें से कोई भी सतह पर नहीं पहुंच सकता।""
""हममें से किसी भी सतह पर नहीं पहुंचा जा सकता।""",0.68
HIN-dev-00060,"""दलाल स्ट्रीट में थमी गिरावट""
""दलाल स्ट्रीट में लगातार चार सत्रों से जारी गिरावट शुक्रवार को थम गई।""",0.75
HIN-test-00402,"""ऑस्ट्रिया के हिमस्खलन में एक की मौत, छह लापता""
""ऑस्ट्रिया में बड़ी बर्फबारी हुई, जिससे कुछ लोग घायल हो गए। एक व्यक्ति की मौत हो गई और छह लोग अभी भी लापता हैं.""",0.8
HIN-test-00704,"""गुस्साएं परिजनों ने थाने जाकर आरोपित के खिलाफ मामला दर्ज कराया।""
""इस संबंध में विशेष अपराध एवं साइबर थाने में रिपोर्ट दर्ज कराई गई है।""",0.35
HIN-dev-00193,"""सोनाक्षी सिन्हा ने सलमान खान की फिल्म 'दबंग' से बॉलीवुड में अपने करियर की शुरुआत की थी।""
""इस फिल्म ने सोनाक्षी को स्टार बना दिया।""",0.55
HIN-dev-00243,"""वह क्रिसलर के साथ 20 वर्षों तक बिक्री और विपणन कार्यकारी रहे थे।""
""उन्होंने क्रिसलर के लिए लंबे समय तक काम किया, उनकी कारों को बेचा और प्रचारित किया।""",0.62
HIN-dev-00022,"""सिंगापुर में सोना 1.5 फीसद गिरकर 1265.51 डॉलर प्रति औंस पर आ गया है।""
""एएआई ने विजेता का चुनाव मासिक प्रति यात्री शुल्‍क के आधार पर किया है।""",0.14
HIN-dev-00057,"""सभी माराडोना की 10 नंबर जर्सी पहने हुए थे।""
""हालांकि, राष्ट्रपति ने वित्तीय अनियमितता के इन आरोपों से इनकार किया है।""",0.09
HIN-test-00416,"""उसके परिवार के लोग हत्या का मुकदमा दर्ज करने पर अड़े हैं।""
""राहुल ने उस भाषण में कहा था कि महात्मा गांधी की हत्या के पीछे आरएसएस का हाथ था।""",0.33
HIN-test-00744,"""स्वास्थ्य और सुरक्षा और पर्यावरण की भयावहता को विनियमित करने की आवश्यकता है अन्यथा उद्योग कभी भी वह नहीं करेंगे जो मानवता के लिए सही है।""
""यदि हमारे पास यह सुनिश्चित करने के लिए नियम नहीं हैं कि कंपनियां लोगों और पर्यावरण का ख्याल रखें, तो हो सकता है कि वे अपने आप सही काम न करें।""",0.73
HIN-test-00377,"""आरोपियों ने कुबूला जुर्म पुलिस के मुताबिक आरोपियों में शामिल समीर ने महिला के मोबाइल फोन में अपना सिमकार्ड लगा लिया था।""
""जिसे क्राइम ब्रांच ने ट्रैक कर समीर और बिलाल को सोमवार को पकड़ लिया।""",0.73
HIN-test-00513,"""गुरुवार को बीसीसीआई ने पूर्व विकेटकीपर एमएसके प्रसाद को चयन समिति का मुखिया बना दिया।""
""प्रसाद ने पूर्व बल्लेबाज संदीप पाटिल की जगह ली, जिनका कार्यकाल पूरा हो चुका है।""",0.5
HIN-test-00475,"""हिल ने कहा कि कार्यक्रम की कुछ हफ्तों में हो सकती है।""
""हिल ने कहा कि कार्यक्रम कुछ महीनों में नहीं बल्कि कुछ हफ्तों में समाप्त हो सकता है।""",0.84
HIN-test-00315,"""शनिवार को एक संबोधन में, सूचना मंत्री मोहम्मद सईद अल-सहाफ ने इराकियों से कहा कि लड़ाई 'भयंकर' थी।""
""शनिवार को इराक में सूचना देने के प्रभारी व्यक्ति ने कहा कि लड़ाई वास्तव में तीव्र थी।""",0.75
HIN-test-00084,"""पुलिस ने आरोपी की कार जब्त कर ली है।""
""गांव मुजैडी के पास एक सुनसान स्थान पर उसे फेंक कर बदमाश उसकी कार को लूट कर फरार हो गए।""",0.53
HIN-test-00502,"""इनमें एक महिला भी शामिल है।""
""पूछताछ में इनसे 36 वारदातों का खुलासा हुआ है।""",0.39
HIN-test-00540,"""भारत में चल रहे छठे टी20 विश्व कप में शुक्रवार को दो मुकाबले खेले जाएंगे।""
""पहला मुकाबला दोपहर 3 बजे से चिर प्रतिद्वंद्वी ऑस्ट्रेलिया और न्यूजीलैंड के बीच खेला जाएगा।""",0.72
HIN-test-00891,"""जनता के सामने मजबूती दिखाना उनकी मजबूरी है।""
""हकीकत विधायक जानते हैं।""",0.25
HIN-test-00798,"""सलमान खान की पिछले महीने आई फिल्म टाइगर ज़िंदा है ने बॉक्स अॉफिस पर कमाल किया है।""
""सलमान के साथ बॉलीवुड की कई अभिनेत्रियों ने फिल्मों में डेब्यू किया है।""",0.6
HIN-test-00698,"""और शहर ने अपने मेहमानों को कारखाने के मालिकों की तुलना में रॉयल्टी या रॉक स्टार्स की तरह अधिक व्यवहार करने का फैसला किया।""
""शहर अपने आगंतुकों को वास्तव में विशेष महसूस कराना चाहता था, जैसे कि वे वास्तव में महत्वपूर्ण और प्रसिद्ध थे।""",0.65
HIN-test-00422,"""सिर्फ वनडे क्रिकेट में ही नहीं, टेस्ट क्रिकेट में भी विराट का ही जलवा है।""
""वाटसन ने हाल ही में टेस्ट क्रिकेट से संन्यास लिया है।""",0.4
HIN-test-00257,"""इस अभियान के तहत कम से कम 50 लाख परिवार को एक-एक थैला दिया जाएगा।""
""इसको लेकर राज्य के सभी सांसद, विधायक और विधान पार्षद को एक टागरेट दिया गया है।""",0.4
HIN-test-00449,"""हम परीक्षा जोड़ सकते हैं (लेकिन यह सिर्फ जेल समय के लिए एक प्रतिस्थापन होगा)।""
""मुझे लगता है कि आप परीक्षा जोड़ सकते हैं (लेकिन यह सिर्फ जेल समय के लिए एक प्रतिस्थापन है)।""",0.9
HIN-test-00206,"""उनके पिता राजधानी दिल्ली में एक दंत चिकित्सक थे।""
""घई ने अपनी शुरूआती पढ़ाई दिल्ली में की।""",0.38
HIN-test-00462,"""बीते वर्ष की समान अवधि में कंपनी का लॉस 575.26 करोड़ रुपये रहा था।""
""हालांकि यह छूट 100 रुपये तक होगी।""",0.2
HIN-test-00123,"""नेशनल स्टॉक एक्सचेंज का निफ्टी आज 29.55 अंक की गिरावट के साथ 12,195.30 पर खुला।""
""क्रिकेट की खबरों के लिए यहां क्लिक करें अन्य खेलों की खबरों के लिए यहां क्लिक करें""",0.06
HIN-dev-00265,"""शीर्ष अदालत या समिति जो भी निर्णय लेगी, मैं उसे स्वीकार करूंगा।""
""दलाल पिछले चार वर्षों से संयुक्त सचिव थे।""",0.14
HIN-test-00367,"""बाद में लोगों ने लडक़ों को पीटना शुरू कर दिया।""
""करीब आधा घंटे के बाद एबुलैंस 108 मौके पर पहुंची और गंभीर रुप से झुलसे लोगों को अस्पताल लेकर आई।""",0.53
HIN-test-00380,"""तब इंजन के ड्राइवर ने देखा कि इंजन के नीचे से धुंआ निकल रहा है।""
""ड्राइवर ने तत्काल इसकी सूचना नवगछिया स्टेशन मास्टर और ट्रेन के गार्ड को दी।""",0.69
HIN-test-00287,"""जो डिटेंशन में हैं वो कुछ दिन बाद निकल कर कहेंगे कि मैं छह महीने जेल में रहा।""
""चुनाव में यह कह कर खड़े होंगे।""",0.62
HIN-test-00073,"""संयुक्त राष्ट्र ने पाया कि अफगानिस्तान ने 2008 में 8500 टन अफीम का उत्पादन किया था।""
""2008 में अफ़ग़ानिस्तान ने अफ़ीम नाम की एक शक्तिशाली दवा का खूब उत्पादन किया. उन्होंने जो राशि बनाई वह 8,500 टन थी, जो वास्तव में एक बड़ी संख्या है।""",0.9
HIN-test-00111,"""भाजपा को उपरोक्त अभियान इन्हीं कोशिशों की काट के लिए चलाना पड़ रहा है।""
""साथ ही कंगना रणौत के मौसी बनने पर उन्हें बधाइयां देने का सिलसिला जारी है।""",0.06
HIN-test-00124,"""लेकिन इस बार फिल्म के निर्देशन की कमान अनीस बज्मी संभालेंगे।""
""इस फिल्म में अंधों का एक समूह बैंक डकैती जैसी दुस्साहिक वारदात को अंजाम देता है।""",0.42
HIN-test-00410,"""इस दौरान पास पडोस के लोग मूकदर्शक बने रहे और उसे बचाने को कोई आगे नहीं आया।""
""नए भर्ती हुए पुलिस कर्मियों के मेडिकल प्रमाण पत्र के नाम पर पैसे वसूलने का मामला सामनें आया है।""",0.19
HIN-dev-00184,"""मेसी और उनके सलाहकार उनके करार में शामिल फ्री ट्रांसफर के क्लॉज का उपयोग करना चाहते हैं।""
""इस कदम को हालांकि बार्सिलोना और स्पेनिश फुटबाल लीग- ला लीगा से समर्थन नहीं मिला है।""",0.45
HIN-test-00208,"""शमिता है बिग बॉस ओटीटी शिल्पा की बहन शमिता शेट्टी आजकल बिग बॉस ओटीटी पर नजर आ रही हैं।""
""अनन्या पांडे फिल्म स्टूडेट ऑफ द ईयर 2 से बॉलीवुड में डेब्यू करने जा रही हैं।""",0.37
HIN-test-00095,"""उन्होंने आजादी का अमृत महोत्सव वेबसाइट भी लांच की।""
""उन्होंने कहा कि क्या फेसबुक बजरंग दल को लेकर भारत और भारतीय संसद से झूठ बोल रहा है।""",0.2
HIN-test-00729,"""ईद के मौके पर रिलीज होने वाली इस फिल्म में उनके साथ अनुष्का शर्मा नजर आएंगी।""
""जी हां, मशहूर फिल्म मेकर मधुर भंडाकर 'इंडिया लॉकडाउन' नाम से एक मूवी लेकर आने वाले हैं।""",0.42
HIN-dev-00165,"""जब निक, प्रियंका के पास पहुंचते हैं तब प्रियंका उन्हें रेड रोज देती हैं और किस करती हैं।""
""वह आए दिन कुछ ना कुछ शेयर करती रहती हैं।""",0.47
HIN-dev-00066,"""दूसरी बात यह है कि आगे चलकर इसे बढ़ाया भी जा सकता है।""
""कितना बढ़ सकता है?""",0.41
HIN-test-00394,"""नव मतदाता अभियान के लिए जयपुर शहर भाजपा की कार्यशाला कल""
""भारतीय जनता पार्टी, राजस्थान प्रदेश द्वारा 1 जनवरी 2018 से 15 जनवरी 2018 तक पूरे प्रदेश में नवमतदाता अभियान चलाया जावेगा।""",0.65
HIN-test-00967,"""आधी रात के बाद पुलिस भी गांव पहुंच गई।""
""फिर क्या लडकी को इतना गुस्सा आया की उसने पुलिस को इस बात की जानकारी दे दी।""",0.43
HIN-test-00791,"""बता दें कि कुछ मानकों पर बिहार ऊपर है, जैसे पेयजल।""
""बिहार और देश की जनता जानती है कि नीतीश बिहार के हक की लड़ाई लड़ते हैं।""",0.6
HIN-test-00536,"""यहां देखिये इस फ़िल्म से अक्षय का फर्स्ट लुक-""
""इसमें इंडियन ऑयल कॉरपोरेशन की सबसे ज्यादा 196 व बीपीसीएल की 168 परियोजनाएं हैं।""",0.12
HIN-test-00898,"""एक स्वादिष्ट -- और मुफ़्त -- भोजन के बारे में जानकर , खाने के बाद, अधिकारियों ने रसोइयों उत्साह पूर्ण स्वागत किया""
""जब उन्होंने स्वादिष्ट भोजन का आनंद लिया जिसके लिए उन्हें भुगतान नहीं करना पड़ा, तो अधिकारियों ने ख़ुशी से खाना पकाने वाले लोगों को नमस्ते कहा।""",0.93
HIN-test-00574,"""यह मेरा पहला मैच था और मैं सिर्फ मैदान पर जाकर गेंदबाजी करके विकेट लेना चाहता था।""
""टीम के स्टार विकेट कीपर बल्लेबाज ऋषभ पंत इस महामारी की चपेट में आए हैं।""",0.37
HIN-test-00419,"""छात्रा के पिता ने सिरसा पुलिस को शिकायत दी है की उसकी बेटी का अपहरण हो गया है।""
""पुलिस ने पिता के बयानों पर मामला दर्ज कर आगामी कारवाही शुरू कर दी है।""",0.52
HIN-test-00701,"""परेड के दौरान दोनों की पिटाई भी होती रही।""
""पुलिस वारदात में प्रयुक्त हथियार व स्कॉर्पियो गाड़ी की बरामदगी के प्रयास कर रही है।""",0.29
HIN-test-00886,"""इस घटना के बाद हमलावर नंदन को पुलिस ने गिरफ्तार कर लिया है।""
""कोविंद ने अपना अभियान उनके गृह प्रदेश से शुरू किया था।""",0.21
HIN-test-00857,"""बुमराह और भुवनेश्वर को पहले दो वनडे मैचों के लिए आराम दिया गया था।""
""वहीं खलील अहमद को टीम में बनाए रखा गया है।""",0.54
HIN-test-00280,"""इसके लिए दिशा ने एक दिन पहले प्रेक्टिस की।""
""उन्होंने खोदाई में भाग लेने से मना किया था।""",0.28
HIN-test-00940,"""स्थानीय लोगों की सूचना पर थाना पुलिस मौके पर पहुंची।""
""देखते ही देखते मौके पर अफरा-तफरी मच गई।""",0.54
HIN-test-00224,"""रूस ने इससे पहले 2008 में घोषणा की थी कि वह अलगाववादी क्षेत्रों के लिए व्यापक रूप से समर्थन बढ़ा रहा है।""
""2008 में, रूस ने कहा कि वह उन क्षेत्रों की अधिक मदद करेगा जो देश के बाकी हिस्सों से अलग होना चाहते हैं।""",0.75
HIN-test-00009,"""अगर आपको लगता है कि मैं झूठ बोल रहा हूँ, एक जांच भेजें।""
""अगर आपको लगता है कि मैं झूठ बोल रहा हूं,""",0.51
HIN-test-00873,"""उन्होंने बताया कि धर्मगुरुओं ने भी लॉकडाउन को पूर्ण रूप से न खोले जाने का सुझाव दिया है।""
""धर्मगुरुओं ने योगी सरकार को पूरा सहयोग देने का वादा भी किया है।""",0.54
HIN-test-00311,"""भारत में भी यह संक्रमण बुरी तरह से अपने पैर पसार चुका है।""
""इसकी जकड़ में सबसे ज्यादा प्रभावित देश अमेरिका है।""",0.66
HIN-test-00134,"""टैक्स सैलब में कोई बदलाव नहीं, आयकर दाता को दिया इस प्रकार लाभ""
""मोदी सरकार की वित्त मंत्री निर्मला सीतारमण ने आज लोकसभा में बजट पेश किया।""",0.62
HIN-test-00083,"""राजधानी जयपुर में देर रात एक इंजीनियर की छत की बालकनी से गिरने से मौत हो गई।""
""पूछताछ में आरोपियों ने जयपुर, राजस्थान, हरियाण, दिल्ली सहित अन्य शहरों में लूटपाट की दर्जनों वारदाते कबूली है।""",0.42
HIN-test-00661,"""पुलिस टीम आरोपी से पूछताछ कर रही है।""
""एसीबी की टीम आरोपी अभियंता खगेश डोसी से पूछताछ कर मामले की जांच-पड़ताल में जुट गई है।""",0.47
HIN-test-00004,"""इस वजह से मंगलवार को कंपनी के शेयर आठ फीसद तक गिर गए।""
""विदेशी बाजार में भाव बढ़ने की वजह से घरेलू बाजार में भी सोने की कीमतों में इजाफा हुआ है।""",0.49
HIN-test-00637,"""रक्षा मंत्री निर्मला सीतारमण 23 अप्रैल से चीन के दौरे पर जाएंगी।""
""इस दौरान वह शंघाई कोपरेशन आर्गनाइजेशन (एससीओ) में शिरकत करेंगी।""",0.65
HIN-test-00686,"""वह कोरोना से उभरने की वजह से पहला मैच नहीं खेल सके थे।""
""पुलिस नेरिपोर्ट दर्ज कर बाइक सवार चेन स्नेचरों की तलाश शुरू कर दी है।""",0.13
HIN-test-00545,"""जिंदा बम मिलने से पूरे इलाके में सनसनी फैल गई है।""
""वह बुधवार शाम को घर से गायब हो गई थी।""",0.19
HIN-test-00964,"""अधिकारियों ने शुक्रवार को इस बात की जानकारी दी।""
""सामने आए नए मामलों में पुणे और कोल्हापुर से एक-एक और सांगली से तीन हैं।""",0.49
HIN-test-00163,"""इस मारपीट का वीडियो खूब वायरल हुआ था।""
""लेकिन डीजल मात्रा में डीजल खरीदने का कारण पूछा गया तो चोर इसका कोई संतोषपद्र जवाब नहीं दे पाए।""",0.1
HIN-test-00775,"""फिलहाल, पुलिस मामले की जांच में जुटी हुई है।""
""बुनियादी ढांचे के विस्तार के लिए भी धनराशि आवंटन की जा सकती है।""",0.3
HIN-dev-00212,"""यूक्रेन ने दक्षिण सूडान की सरकार को किसी भी आयुध की आपूर्ति या आपूर्ति करने की योजना नहीं है।""
""यूक्रेन दक्षिण सूडान की सरकार को कोई हथियार नहीं दे रहा है और भविष्य में भी उनकी कोई योजना नहीं है।""",0.92
HIN-test-00284,"""उल्लेखनीय है कि कर्ज में फंसी कंपनी के खिलाफ दिवाला एवं ऋणशोधन के कई मामले चल रहे हैं।""
""यह मेरे लिए डरावना है।""",0.31
HIN-test-00499,"""शिप्रा पथ थाना पुलिस ने शनिवार को कार्रवाई करते हुए एक भू-माफिया को गिरफ्तार कर लिया।""
""पुलिस ने आरोपी के पास से फर्जी दस्तावेज एवं अन्य सामान जब्त किया है।""",0.61
HIN-dev-00006,"""इस पर पीठ ने कहा कि इसे अब नौकरशाही पर नहीं छोड़ा जा सकता।""
""पीठ ने केंद्र की खिंचाई करते हुए कहा, आपके अधिकारियों ने कुछ नहीं किया है।""",0.52
HIN-test-00658,"""इस वजह से पार्टी को लेकर गलत संदेश जा रहा है।""
""पुलिस ने आईटी एक्ट की धारा 66ए व डी के तहत शिकायत दर्ज कर मामले की जांच शुरू कर दी है।""",0.4
HIN-test-00390,"""..ये है दुनिया की किस्मत तय करने वाली महिला, इससे ताकतवर कौन?""
""पुरी दुनिया में होने वाले सभी छोटे-बड़े बदलाव करने वाला।""",0.35
HIN-dev-00085,"""वह अपने लोगों के साथ हैं और जब वक्त आएगा तो जाएंगे।""
""सोमवार को उत्तर प्रदेश के करीब दो दर्जन लोगों ने राजभवन में कल्याण सिंह से मुलाकात की।""",0.38
HIN-test-00959,"""मुझे नहीं पता कि वह दौड़ने के बारे में क्या सोचती है, लेकिन, मुझे लगता है कि यह एक अच्छा विचार है।""
""मुझे नहीं पता कि वह दौड़ने के बारे में कैसा महसूस करता है, लेकिन, मुझे लगता है कि दौड़ना अच्छा है।""",0.92
HIN-test-00703,"""बता दें कि अनिल कुंबले के चीफ़ कोच पद से इस्तीफ़ा देने के बाद कोच पद की दौड़ में सहवाग भी थे.""
""बताया जाता है कि कोहली के साथ मनमुटाव के चलते कुंबले ने पद से इस्तीफ़ा दिया था.""",0.73
HIN-test-00765,"""खुद शाह और प्रधानमंत्री नरेंद्र मोदी के भी विश्वस्त हैं।""
""प्रधानमंत्री ऑरबान अपने आक्रमक तेवर और लुभावनात्मक व्यवहार के कारण जाने जाते हैं।""",0.31
HIN-test-00065,"""अधिकतर भारतीय क्रिकेटर भारत में बना ही सामान इस्तेमाल करते हैं और देश में उसका आयात नगण्य है।""
""हालांकि तीसरे वनडे में उनका बल्ला शांत रहा और वह केवल 22 रन ही बना सके।""",0.13
HIN-test-00119,"""सरकार 365 टोल प्लाजा से हर साल 18 हजार करोड़ रुपये का टोल टैक्स वसूलती है।""
""संसदीय कार्यमंत्री पार्थ चटर्जी ने सदन को बताया कि राज्य सरकार ने राज्यपाल के सभी प्रश्नों का विधिवत समाधान किया।""",0.29
HIN-test-00835,"""नई दिल्ली| चिराग शेट्टी और सात्विकसाईराज रैंकीरेड्डी के लिए बीता साल शानदार रहा।""
""पुरुष युगल की यह जोड़ी अपने शानदार खेल की वजह से विश्व रैंकिंग में 10वें स्थान पर है।""",0.47
HIN-test-00051,"""अब हार्वर्ड यूनिवर्सिटी में कैप्टन का जलवा नजर आएगा, भारतीय सम्मेलन को संबोधित करेंगे""
""पंजाब के मुख्यमंत्री कैप्टन अमरेंद्र सिंह का अमरीका में हार्वर्ड यूनिवर्सिटी में जलवा नजर आएगा।""",0.68
HIN-test-00782,"""पुरानी नीति के तहत सरकार खुद क्षेत्र को अलग करती और उसके लिए बोली आमंत्रित करती थी।""
""इससे पहले एक डच और एक ऑस्ट्रेलियाई पर्वतारोही की भी एवरेस्ट पर मौत हो चुकी है।""",0.18
HIN-test-00897,"""वहीं, गिरावट ल्यूपिन, भारती एयरटेल, सिप्ला, पावरग्रिड और बीपीसीएल के शेयर्स में है।""
""कोर्ट ने मामले की सुनवाई अप्रैल तक स्थगित कर दी।""",0.19
HIN-test-00639,"""यह समझौता ब्रिटेन की एफसीए और भारतीय रिजर्व बैंक के बीच हो सकता है।""
""ऐसा स्थिति को समझने और राज्य सरकार से सहमति के बाद किया गया।""",0.38
HIN-test-00862,"""केंद्र औपचारिक रूप से 2009 में खुल गया था।""
""यह केंद्र आधिकारिक तौर पर वर्ष 2009 में शुरू होगा।""",0.83
HIN-test-00676,"""वह लंबे समय से बीमार चल रही थीं।""
""उनका कुछ समय पहले किडनी ट्रांसप्लांट हुआ था।""",0.56
HIN-test-00373,"""सूत्रों के मुताबिक पार्टी नेता शशि थरूर ने लोकसभा में कांग्रेस के नेता की पेशकश की है।""
""जानिए इस ऑफर के क्या हैं नियम व शर्तें-""",0.24
HIN-test-00655,"""किसी ने यौन शोषण का आरोप लगाया तो किसी ने साधुओं को नपुंसक बनाने जैसा गंभीर आरोप।""
""करीब पंद्रह साल पहले डेरा की एक साध्वी ने पीएमओ को चिट्ठी लिख कर बाबा राम रहीम की शिकायत की थी।""",0.63
HIN-test-00240,"""फिल्म में जॉन अब्राहम, श्रुति हसन, अनिल कपूर व नसीरूद्दीन शान प्रमुख भूमिकाओं में हैं।""
""रिलीज होते ही इस फिल्म ने 21 साल पुराना रिकॉर्ड तोड़ दिया है।""",0.63
HIN-dev-00059,"""सोवियत निर्मित परमाणु पनडुब्बियों को अक्सर मरम्मत की आवश्यकता होती है और शायद ही कभी ठिकानों को छोड़ती हैं।""
""सोवियत संघ द्वारा बनाई गई पनडुब्बियों में कभी-कभी समस्याएँ होती हैं और उन्हें ठीक करने की आवश्यकता होती है, इसलिए वे अक्सर समुद्र में नहीं जाती हैं।""",0.86
HIN-test-00963,"""समर्थक अपनी-अपनी पार्टी के पक्ष में आवाज उठा रहे हैं।""
""फिलहाल, आरोपी से पूछताछ में जुटी हुई है।""",0.21
HIN-test-00109,"""पूंजीवाद और उसकी गतिविधियों पर आपके क्या विचार हैं ?""
""आप पूंजीवाद के बारे में क्या सोचते हैं?""",0.76
HIN-dev-00156,"""पुलिस ने आरोपितों के कब्जे से एक देशी कट्टा, पिस्टल व कारतूस बरामद किए है।""
""पुलिस ने न्यायालय में पेश कर उसे बालसुधार गृह भेज दिया है।""",0.52
HIN-test-00859,"""इसके बाद आरबीआई की ओर से 2,000 रुपए, 500 रुपए, 200 रुपए और 50 रुपए का नोट जारी किया था।""
""साप्‍ताहिक आधार पर डिलीवरी का भाव भी 1295 रुपए टूटकर 40,200 रुपए प्रति किलोग्राम रह गया।""",0.35
HIN-test-00215,"""बॉलीवुड एक्ट्रेस सारा अली खान का आज जन्मदिन है।""
""सारा अपना 25वां बर्थडे सेलिब्रेट कर रही हैं।""",0.6
HIN-test-00872,"""मौद्रिक क्षति होती है, और जेल का समय होता है।""
""क्षति होती है, और जेल का समय होता है।""",0.76
HIN-test-00809,"""'पोलोनियम 210' से सुनंदा की मौत ? नमूने भेजे जाएंगे विदेश""
""तकरीबन एक साल पहले हुई सुनंदा पुष्कर मौत मामले में नया मोड़ आ गया है।""",0.65
HIN-test-00157,"""मैकार्थी वर्तमान में गैस और विद्युत बाजार या ऑफ़गेम के प्रमुख हैं, जो ब्रिटेन के निजीकृत ऊर्जा उद्योग को नियंत्रित करता है।""
""मैक्कार्थी ऑफगेम नामक कंपनी के बॉस की तरह हैं। ऑफगेम यह सुनिश्चित करता है कि ब्रिटेन में गैस और बिजली बेचने वाली कंपनियां नियमों का पालन करें।""",0.79
HIN-test-00044,"""सातवें दिन रविवार को महंत अवेद्यनाथ की श्रद्धांजलि सभा आयोजित होगी।""
""अगर ऐसा होता है तो यह हमारे लिए गर्व की बात होगी।""",0.21
HIN-test-00140,"""ये हैं ‘द वॉल’ राहुल द्रविड की 10 लाजवाब पारियां जिनमें...""
""सूचना पर पहुंची पुलिस ने समझाइस कर मामले को शांत कराया।""",0.1
HIN-test-00320,"""आज यह तबका अपने रोजमर्रा के खर्चे के लिए जूझ रहा है।""
""आज अन्नू कपूर का जन्मदिन हैं।""",0.04
HIN-test-00231,"""निजी तौर पर, जब आप किसी विवाहित पुरुष के साथ खिलवाड़ करते हैं तो आपको ठीक वही मिलता है जिसके आप लायक होते हैं।""
""जब आप किसी पुरुष का साथ देते हैं तो आपको ठीक वही चीजें मिलती हैं जो आप चाहते हैं।""",0.81
HIN-dev-00048,"""बिहार के नवादा जिले में ऑनर कीलिंग का दर्दनाक मामला सामने आया है।""
""जिसके बाद कॉलोनिवासियों को बुलाया गया और दोनों को आमने-सामने कर बातचीत के बाद सहमति बनी।""",0.28
HIN-test-00771,"""कर्नाटक: जयनगर सीट के लिए वोटिंग जारी, कांग्रेस-बीजेपी में कड़ी टक्कर""
""कर्नाटक के जयनगर विधानसभा सीट पर सोमवार को मतदान जारी है।""",0.75
HIN-test-00604,"""सेक्टोरियल इंडेक्स में आज फार्मा और रियल्टी के अतिरिक्त सभी सेक्टर्स लाल निशान पर खुले।""
""योजना के तहत एसीबी ने विजय कुमार को 4500 रूपये की रिश्वत लेते हुए रंगे हाथो दबोच लिया।""",0.2
HIN-test-00814,"""यही नहीं दोनों ने एक ही कार से हेलसिंकी से फिनलैंड तक की यात्रा की।""
""वेट्टर ने कहा, ""नीरज बहुत मिलनसार इंसान हैं।""",0.27
HIN-test-00467,"""रोडरेज में दिल्ली एसीपी की पिटाई""
""राजधानी दिल्ली में बदमाशों के हौसले बुलंद होते जा रहे हैं।""",0.67
HIN-test-00097,"""इस उच्च स्तरीय प्रतिनिधिमंडल में गुजरात, हरियाणा, गोवा और उत्तर प्रदेश के मुख्यमंत्री तथा कारोबारी प्रतिनिधिमंडल शामिल होंगे।""
""इनमें जवाबदेही कानून विधेयक, मिलावाटियों के खिलाफ सजा को लेकर कानून और राइट-टू-हेल्थ विधयेक शामिल हैं।""",0.4
HIN-test-00485,"""ल़डकी का आरोप है कि पुलिस मामले में टालमटोल का रवैया अपना रही है।""
""पुलिस के मुताबिक, ग्रामीणों ने उनकी हत्या करने के बाद उनके शवों को सोन नदी में बहा दिया।""",0.41
HIN-dev-00037,"""विश्व बैंक ने भारत में कारोबारी माहौल को बेहतर बनाने के लिए सरकार के प्रयासों को सराहा है।""
""सरकार ने यह कदम कालेधन और आतंकवादियों को धन पहुंचाने की गतिविधियों पर अंकुश लगाने के मद्देनजर उठाया था।""",0.69
HIN-test-00005,"""इस अवसर पर रिलिफ सोसायटी के पदाधिकारी, जनप्रतिनिधि एवं संबंधित अधिकारी उपस्थित थे।""
""इस फिल्म में श्रीकांत लीड रोल में हैं और इस फिल्म को सीएम क्रिएशन्स ने प्रोड्यूस किया है।""",0.21
HIN-test-00607,"""दरोगा व सिपाही ने की छेड़खानी, बोले- हमारे रूम पर आ जाइए नहीं तो गिरवा देंगे मकान""
""उत्तर प्रदेश के बहराइच जनपद के दरगाह थाने के एक दारोगा और एक सिपाही पर एक महिला ने छेड़खानी का आरोप लगाया है।""",0.82
HIN-test-00060,"""ओगुज़ ने कहा कि रसायनज्ञ सीमा के पास के देशों से उत्पन्न हुए हैं, लेकिन विशिष्ट देशों का विवरण नहीं दिया है।""
""ओगुज़ ने कहा कि रसायनज्ञ एक-दूसरे के करीबी देशों से आते हैं, लेकिन उन्होंने यह नहीं बताया कि वास्तव में कौन से देश हैं।""",0.82
HIN-test-00398,"""हम देखेंगे यह क्या है।""
""मामले में आरोपित राजेश कनौजिया को शनिवार को गिरफ्तार किया गया है।""",0.33
HIN-test-00745,"""जनवरी माह व्रत और त्यौहारों का महीना है।""
""इस महीने में शुरूआत में नववर्ष, मकर सक्रांति, आदि पर्व हैं।""",0.79
HIN-test-00221,"""साथ ही विवियन का कहना है कि उन्होनें कभी भी किसी नई चीज के लिए इंकार नहीं किया।""
""फिलहाल पुलिस पूरे मामले को लेकर जांच पड़ताल में जुट गई है।""",0.38
HIN-dev-00211,"""फिल्म में कृति सनोन, सदाशिव राव की पत्नी पारवती बाई का किरदार निभा रही हैं।""
""दीपिका पादुकोण की पहली हॉलीवुड फिल्म 'ट्रिपल एक्स: रिटर्न ऑफ जेंडर केज' का हाल ही में ट्रेलर रिलीज हुआ है।""",0.39
HIN-test-00573,"""इस मौके पर सीनियर टाऊन प्लानर संजीव बावा और विभाग के अन्य अधिकारी भी उपस्थित थे।""
""खैर अब देखना होगा कि इनका ये रिश्ता कितनी दूर तक जाता है।""",0.27
HIN-test-00282,"""उसने पुलिस को बताया कि वह अपने माता-पिता और समाज से बदला लेना चाहता है जिससे वह नफरत करता था।""
""वह अपने माता-पिता और उन लोगों को चोट पहुंचाना चाहता था जिन्हें वह पसंद नहीं करता था।""",0.77
HIN-test-00497,"""बाढ़ग्रस्त क्षेत्र के कस्बे और गाँव लगभग 12 लाख लोगों के घर हैं।""
""जिस इलाके में बाढ़ आ सकती है, वहां कस्बों और गांवों में करीब 12 लाख लोग रहते हैं.""",0.93
HIN-dev-00220,"""पीडि़त छात्र ने इसी साल इंजीनियरिंग कॉलेज में एडमिशन लिया था।""
""पुलिस ने पीडि़त द्वारा बताए गए हुलिये के आधार पर बदमाशों की तलाश शुरू कर दी है।""",0.5
HIN-test-00885,"""मैं भी कैम्प में पीड़ित हूं।""
""मैं हैट्रिक शॉर्ट टर्म कैंप में पीड़ित हूं।""",0.99
HIN-test-00690,"""महिला ने पति के कमरे की बाहर से कुंडी लगाकर चैक में साड़ी के फंदे से फांसी लगा ली।""
""फिलहाल इस मामले का मास्टरमाइंड डॉक्टर पुलिस की गिरफ्त से बाहर है।""",0.29
HIN-test-00171,"""चीन के इतिहास में इतने गद्दार हैं-हमें सतर्क रहने की जरूरत है।""
""अतीत में चीन में ऐसे कई लोग रहे हैं जो अपने देश के प्रति वफादार नहीं थे। इसलिए, हमें हमेशा सतर्क और सावधान रहने की जरूरत है।""",0.79
HIN-test-00563,"""वह यह भी कहती है कि उसके पति को एक पूर्वाभास था।""
""उनका यह भी कहना है कि उनके पति को इस बात का आभास या अहसास था कि भविष्य में कुछ होने वाला है।""",0.71
HIN-test-00148,"""जॉर्जिया के एक अलगाववादी क्षेत्र में हवाई हमलों ने संघर्ष को तीव्र किया।""
""जॉर्जिया के एक स्थान पर जहां कुछ लोग स्वतंत्र होना चाहते हैं, बमबारी ने लड़ाई को और बदतर बना दिया है।""",0.84
HIN-dev-00028,"""30 फीसदी तक गिर सकते हैं सरकारी बैंकों के शेयरः मॉर्गन स्टैनली""
""मॉर्गन स्टैनली ने सार्वजनिक क्षेत्र के भारतीय बैंकों को लेकर चिंता जताई है।""",0.78
HIN-test-00219,"""इनके पति बॉलीवुड के जाने-माने कलाकार अनुपम खेर है।""
""इनकी दो बहने और एक भाई भी है।""",0.62
HIN-dev-00055,"""अभी तक कंपनी इस ऑफर के तहत 35 लाख रुपए का ऋण वितरित कर चुकी है।""
""पुलिस मोबाइल नंबर के आधार पर शातिर ठग की तलाश कर रही है।""",0.34
HIN-test-00010,"""राजधानी जयपुर के राजस्थान और महारानी काॅलेज की वेबसाइट को पाकिस्तानी हैकरों ने हैक कर दिया।""
""हैक करने के बाद वेबसाइट पर पाकिस्तानी झंडे के साथ स्लोगन दर्शाया गया।""",0.71
HIN-dev-00169,"""पुलिस ने पोस्टमार्टम करवाकर शव परिजनों के सुपुर्द कर दिया।""
""परिजनों के घर लौटने पर पीडि़ता ने आपबीती सुनाई, जिसके बाद गुस्साएं परिजनों ने थाने जाकर मामला दर्ज कराया।""",0.41
HIN-test-00011,"""उक्त बातें जिलाधिकारी डॉ. चंद्रशेखर सिंह ने विधि व्यवस्था को लेकर बैठक में कहीं।""
""आज बैठक में भूमि को स्वीकार किए जाने का फैसला लिया गया।""",0.4
HIN-test-00517,"""श्रीकांत शर्मा ने बताया कि 100 क्विंटल से ज्यादा धान लाने वाले को बुआई के साक्ष्य भी देने होंगे।""
""इन हत्याओं को अंजाम देने वाले कितने लोग पकड़े गए हैं।""",0.1
HIN-test-00855,"""उनके मुताबिक, ''अर्शी खान ने बॉलीवुड की फिल्म साइन कर ली है.""
""अभी हम उस फिल्म के बारे में नहीं बता सकते हैं।""",0.52
HIN-dev-00213,"""इन स्थानों में पानी से भरे स्थान या नाले आदि शामिल हैं।""
""उन पर लगे इस प्रतिबंध को एमसीए ने तीन साल बाद रविवार को हटा लिया।""",0.36
HIN-test-00516,"""आमिर अपनी फिल्म दंगल के लिए बिल्कुल शांत हैं।""
""इस फिल्म में आदित्य रॉय कपूर और सोनाक्षी सिन्हा को भी कास्ट किया गया है।""",0.44
HIN-test-00561,"""पुलिस प्रथमदृष्टया आग शोर्ट सर्किट से लगना मान रही है।""
""पुलिस आरोपितो से पूछताछ कर रही है।""",0.5
HIN-test-00018,"""शेयर समीक्षा: तिमाही नतीजों पर रहेगी निवेशकों की निगाह""
""प्रमुख एशियाई बाजारों में दिख रही तेजी का असर भारतीय बाजार पर भी दिखाई दे सकता है।""",0.25
HIN-test-00611,"""पुलिस ने आरोपी को गिरफ्तार कर लिया है।""
""इसी वजह से पांच-छह दिन तक पुलिस में मामला दर्ज नहीं करवाया।""",0.46
HIN-test-00264,"""दिल्ली ट्रिपल मर्डर केस का खुलासा हो गया है।""
""मां- बाप और बहन को मारने वाला और कोई नहीं बेटा ही निकला।""",0.65
HIN-test-00589,"""विक्लिफ, ओहियो में स्थित बेली कंट्रोल्स कम्प्यूटरीकृत औद्योगिक नियंत्रण प्रणाली बनाती है।""
""बेली कंट्रोल्स एक कंपनी है जो विशेष कंप्यूटर बनाती है जो कारखानों में बड़ी मशीनों को नियंत्रित करने में मदद करती है। वे विक्लिफ, ओहियो में स्थित हैं।""",0.84
HIN-test-00785,"""लॉकडाउन के बाद सभी कामकाज समेटकरअब भारत आ गए हैं।""
""बेटे को भारत आने की काफी खुशी है।""",0.74
HIN-test-00727,"""जवाहरलाल नेहरू विश्वविद्यालय (जेएनयू) छात्र संघ चुनाव के लिए शुक्रवार को मतदान हो रहे हैं।""
""अब जिला विकास परिषद के सीधे चुनाव होकर जन प्रतिनिधियों के हाथ में सत्ता आएगी।""",0.31
HIN-dev-00266,"""पेट्रोल के दाम कल के भाव 83.41 रुपये प्रति लीटर से बढ़कर 83.71 रुपये प्रति लीटर हो गए हैं।""
""इनमें थोक व खुदरा एसेट क्रमश: 33 हजार करोड़ रुपये और 48 हजार करोड़ रुपये हैं।""",0.34
HIN-test-00674,"""फिल्म ‘लवरात्रि’ की रिलीज डेट का ऐलान हो गया है।""
""यह फिल्म पांच अक्टूबर 2018 को रिलीज होगी।""",0.72
HIN-test-00490,"""35 दिन में कोहली बनने जा रहे हैं महान से महानतम, जानें कैसे""
""19 मैचों से अजेय....""",0.31
HIN-dev-00018,"""वहां उन्होंने राजनीति व युद्धकाल में निपुणता हासिल की।""
""इसके बाद कल्याण साय राजा के पूर्ण अधिकार के साथ अपनी राजधानी रतनपुर वापस पहुंचे।""",0.38
HIN-dev-00145,"""फिलहाल पुलिस मर्डर मानकर जांच कर रही है।""
""पुलिस ने तुरंत कार्रवाई कर कॉल लोकेशन के आधार पर अपहरण के चारों आरोपितों को धर-दबोचा।""",0.45
HIN-test-00926,"""जिसमें वो एक पत्ते के पीछे खड़ी नजर आ रही हैं।""
""तस्वीरों में जाह्ववी बिल्कुल श्रीदेवी की तरह नज़र आ रही हैं।""",0.38
HIN-test-00347,"""उनकी पहली फिल्म ‘अवारुड रावुकल’ जल्द ही रिलीज होने वाली थी।""
""उन्होंने 2011 में आई देवानंद की फिल्म चार्जशीट से हिंदी फिल्मों में एंट्री की थी।""",0.45
HIN-test-00076,"""देश के जाने माने कवि कुमार विश्वास ने अपने चिरपरिचत अंदाज में एक बार फिर तंज कसा है।""
""इस बार उनके निशाने पर आए दुनिया के सबसे बड़े ताकतवार मुल्क के राष्ट्रपति डोनाल्ड ट्रंप।""",0.67
HIN-dev-00288,"""ये मूवी हिट साबित हुई थी और दर्शकों को जूही व आमिर की केमिस्ट्री खूब पसंद आई थी।""
""सिंबा दर्शकों को पसंद आ रही है।""",0.3
HIN-test-00631,"""फिल्म मलाल 5 जुलाई को सिनेमाघरों में रिलीज़ होगी।""
""वहीं श्रीदेवी की बड़ीबेटी जाह्ववी फिल्म धड़कसे बॉलीवुड में डेब्यू करेंगी,फिहलालवे फिल्म की शूटिंग में व्यस्त है।""",0.46
HIN-dev-00075,"""धर्म-कर्म में रुचि रहेगी।""
""शुभ समाचार के प्राप्त होने से मन में उत्साह का संचार होगा।""",0.47
HIN-test-00917,"""यह खेल के माध्यम से नियमों को एकाधिकार में आधे रास्ते में बदलने जैसा है ताकि पिछली सभी खरीदारी व्यर्थ हो।""
""यह वैसा ही है जैसे आप मोनोपोली खेल रहे थे और अचानक किसी ने नियम बदलने का फैसला किया, तो खेल में आपके द्वारा पहले खरीदी गई सभी चीजें अब मायने नहीं रखतीं।""",0.79
HIN-dev-00054,"""यदि वास्तव में आपके मित्र का व्यवहार असामान्य था, तो मैं उसके बारे में भी, स्पष्ट रूप से थोड़ा चिंतित हूं।""
""यदि आपके मित्र का व्यवहार असामान्य था, तो मैं वास्तव में चिंतित हूं।""",1.0
HIN-test-00567,"""पुलिस ने बताया कि टीला नंबर-7 जवाहर नगर निवासी 15 वर्षीय किशोरी ने मामला दर्ज कराया है।""
""हॉस्पिटल प्रशासन की ओर से कंप्लेंट पर पुलिस ने फौरन मुकदमा दर्ज कर लिया।""",0.41
HIN-dev-00168,"""केरल में कोरोना वायरस के तीन नए मामलों की पुष्टि हुई है।""
""ये सभी तीन मामले वायनाड जिले के हैं।""",0.55
HIN-test-00523,"""इराक के शिया नेता ग्रैंड अयातुल्ला अली अल-सिस्तानी की आधिकारिक वेबसाइट विरूपित या निषिद्ध वेबसाइटों में से एक थी।""
""इराक के एक बेहद अहम नेता की वेबसाइट किसी ने बदल दी या ब्लॉक कर दी.""",0.66
HIN-test-00684,"""मुहाना थाना पुलिस ने किशोरी से दुष्कर्म के मामले में आरोपित युवक को गुरुवार शाम गिरफ्तार किया है।""
""दरअसल, मानसिक रूप से कमजोर इस किशोरी के साथ गांव का एक दबंग दरिंदा कई महीने तक यौनाचार करता रहा।""",0.43
HIN-test-00154,"""काकेशस क्षेत्र में संघर्ष रूस की सीमाओं के साथ वर्षों से चला आ रहा है।""
""रूस के पास काकेशस क्षेत्र में लंबे समय से लड़ाई चल रही है।""",0.86
HIN-test-00741,"""वेन रूनी अब नहीं कर सकेंगे ये काम, लग गया है दो साल का बैन""
""इंग्लैंड की फुटबॉल टीम के पूर्व कप्तान वेन रूनी अब दो साल तक कोई भी वाहन नहीं चला पाएंगे।""",0.82
HIN-dev-00181,"""उसके बाद से दोनों देशों के बीच इस बारे में डीजीएमओ स्तर पर बातचीत हो रही है।""
""देश के विदेश मंत्रालय और इस्लामाबाद स्थिति उच्चायोग ने भी इसे उठाया था।""",0.52
HIN-dev-00049,"""इनपुट- आईएनएस बॉलीवुड की अन्य खबरों के लिए यहां क्लिक करें""
""बंबूली गांव में तनाव को देखते हुए फोर्स तैनात कर दी गई है।""",0.12
HIN-test-00731,"""वैसे ऐसा पहली बार नहीं होगा, जब दीपिका पादुकोण किसी फिल्म में स्टंट सीन करती नजर आएंगी।""
""जिसका जवाब देते हुए मधुरिमा ने कहा शायद बिग बॉस चाहते हो हमें एक बार फिर प्यार हो जाए।""",0.15
HIN-test-00324,"""उनसे मारपीट शुरू कर दी।""
""तो आज पति-पत्नी होते शाहरुख खान और काजोल!""",0.18
HIN-test-00357,"""मैंने महसूस किया और अभी भी विश्वासघात महसूस कर रही हूं और मैं उस पर भरोसा नहीं कर सकती।""
""मुझे लगा और अभी भी विश्वास हो रहा है और मैं उस पर विश्वास नहीं कर सकता।""",0.68
HIN-test-00001,"""सूची इस शर्त पर उपलब्ध कराई गई थी कि न तो राजनयिक और न ही राजनयिक के देश की पहचान की जाए।""
""जिस व्यक्ति ने हमें सूची दी, उसने हमसे यह नहीं बताने को कहा कि वे कौन हैं या कहां से हैं।""",0.5
HIN-dev-00089,"""डॉ. टैल्कॉट ने राष्ट्रीय कैंसर संस्थान और हार्वर्ड विश्वविद्यालय और बोस्टन विश्वविद्यालय के मेडिकल स्कूलों के शोधकर्ताओं की एक टीम का नेतृत्व किया।""
""डॉ. टैल्कॉट ने कैंसर का अध्ययन करने के लिए विभिन्न विश्वविद्यालयों के वैज्ञानिकों के एक समूह के साथ काम किया।""",0.95
HIN-test-00031,"""‘रूस्तम’ वर्ल्ड वाइड 120 करोड""
""पिछले शुक्रवार को देश-विदेश के कई सिनेमाघरों में अक्षय कुमार अभिनीत फिल्म रूस्तम का प्रदर्शन हुआ।""",0.72
HIN-test-00851,"""' स्वरा भास्कर स्क्रिप्ट राइटर हिमांशु शर्मा के साथ रिलेशनशिप में हैं।""
""आखिर वो शादी के बंधन में कब बंधने जा रही हैं?""",0.58
HIN-test-00207,"""यह पूरी तरह से संभव है क्या हम खुद प्राथमिक स्कूल के छात्रों के बीच ""चीन के लिए गद्दार"" नहीं बढ़ा रहे हैं?""
""क्या हम बच्चों को तब चीन के प्रति विश्वासघाती होना सिखा रहे हैं जब वे अभी भी प्राथमिक विद्यालय में हैं?""",0.79
HIN-test-00550,"""इसमें चार नागरिकों की मौत हो गई थी,10 घायल हो गए थे।""
""अश्विन ने इंग्लैंड में केवल छह टेस्ट मैचों में ही 14 विकेट अपने नाम किए हैं।""",0.1
HIN-test-00442,"""उनके ट्वीट 'सिंधिया नहीं हूं' को लेकर अब नगरीय विकास एवं आवास मंत्री भूपेंद्र सिंह ने पलटवार किया है।""
""इसके अलावा राजकोषीय घाटा नियंत्रण में है और विकास दर भी बढ़ी है।""",0.37
HIN-dev-00021,"""ओमान में बेमौसम बारिश के इस हफ्ते में 30 की मौत""
""इस हफ्ते ओमान में अप्रत्याशित भारी बारिश के कारण 30 लोगों की मौत हो गई.""",0.78
HIN-test-00716,"""मैसाचुसेट्स को देखो। 2004 से उनके पास है।""
""मैसाचुसेट्स 2004 से सबसे आगे चल रहा है।""",0.78
HIN-test-00024,"""जवाहर सर्किल थाना पुलिस ने अवैध हथियार लेकर घूमते एक हिस्ट्रीशीटर को मंगलवार रात गिरफ्तार किया है।""
""पुलिस ने मोबाइल कॉल के आधार पर उसकी पड़ताल की तो उसकी लॉकेशन सामने आई।""",0.35
HIN-test-00156,"""बुंदेलखंड में पानी का संकट, लगेंगे 3527 हैंडपंप""
""उत्तर प्रदेश के बुंदेलखंड में सूखे के कारण तालाब, कुआं, पोखर और नदियां तक सूखने लगी हैं।""",0.63
HIN-test-00944,"""सोवियत संघ के पतन के बाद यूक्रेन को हथियारों का विशाल भंडार विरासत में मिला और अब वह हथियारों का एक प्रमुख विक्रेता है।""
""सोवियत संघ के टूटने के बाद यूक्रेन को उनसे बहुत सारे हथियार मिले। अब यूक्रेन दूसरे देशों को ढेर सारे हथियार बेचता है.""",0.96
HIN-test-00059,"""न्यूजीलैंड ने क्राइस्टचर्च में श्रीलंका को दूसरे टेस्ट मैच में 423 रन के विशाल अंतर से हराया।""
""इस मैच में भारत के लिए नवनीत के अलावा, अनूपा बार्ला ने एक गोल किया।""",0.32
HIN-dev-00159,"""मंत्रालय ने कहा कि आईडीबीआई बैंक में एलआईसी तथा सरकार की हिस्सेदारी 97.46 प्रतिशत है।""
""रज्‍जाक ने कहा कि अमेरिका ने पाक‍िस्‍तान के ऊर्जा, तेल एवं गैस, कृषि तथा खाद्य प्रसंस्‍करण में रुचि दिखाई है।""",0.31
HIN-test-00721,"""शिवसेना ने प्रधानमंत्री नरेंद्र मोदी पर भी निशाना साधा है।""
""और कहा, 'पीएम दूसरों के बाथरूम में झांकना छोड़कर सुशासन पर ध्यान दें।""",0.65
HIN-test-00021,"""मुख्यमंत्री ने झालावाड़ को दी 95 करोड़ रुपए की सौगातें""
""मुख्यमंत्री वसुंधरा राजे ने झालावाड़ जिले को करीब 95 करोड़ रुपए की सौगातें दी हैं।""",0.85
HIN-test-00100,"""पुलिस ने रेस्टोरेंट से हुक्के, पाईप, चिलम, चिमटा व विभिन्न प्रकार के फ्लेवर डिब्बे जब्त किए।""
""आखिरी बार तो एक पखवाड़े पहले उन्होंने काला धन के खिलाफ सर्जिकल स्ट्राइक की बात की थी।""",0.42
HIN-dev-00198,"""इसमें अप्रैल के मुकाबले 31 फीसदी की गिरावट रही।""
""रिपोर्ट के मुताबिक, ऑटो क्षेत्र में औसत वेतन वृद्धि 9 से 11 फीसद रही है।""",0.23
HIN-dev-00040,"""इसके अलावा कीमती धातुओं के लिए 2-6 फीसदी कर दर का सुझाव दिया गया।""
""36 सदस्यों वाले गोवा विधानसभा में दो एमजीपी विधायक आने के बाद भाजपा के पास कुल 14 विधायक हैं।""",0.19
HIN-dev-00150,"""नेशनल सिस्मोलॉजिकल सेंटर ने कहा कि भूकंप का केंद्र मध्य नेपाल के सिंधुपालचौक जिले में स्थित था।""
""झटके अपराह्न 3.07 बजे (स्थानीय समयानुसार) महसूस किए गए।""",0.58
HIN-dev-00013,"""पुलिस ने बार में छापा मारकर 34 लाख 66 हज़ार की नई करेंसी बरामद की।""
""साथ ही पुलिस ने छह लोगों को हिरासत में भी लिया है जिनसे पूछताछ की जा रही है।""",0.38
HIN-dev-00269,"""कार्तिक की फोटोज सोशल मीडिया पर वायरल हो रही है।""
""बॉलीवुड में दस साल बिताने के बाद दीपिका पादुकोण अब माफ़िया डॉन बनने के लिए तैयार हो रही हैं।""",0.38
HIN-test-00303,"""यह विवाद काकेशस क्षेत्र में एक निरंतर संघर्ष को दोहरा सकता है।""
""इस तर्क से काकेशस क्षेत्र में फिर से लड़ाई शुरू हो सकती है.""",0.75
HIN-test-00820,"""तमन्ना के करियर की बात करें तो उन्होंने फिल्म 'बाहुबली' में काम किया हैं।""
""इस दौरान उन्होंने जान्हवी और खुशी के साथ अपने बॉन्ड के बारे बताया है।""",0.38
HIN-dev-00229,"""हफ्तों की देरी के बाद, तुर्की नरम पड़ गया और लड़ाकू विमानों को अपने क्षेत्र में उड़ान भरने देने के लिए सहमत हो गया।""
""आख़िरकार लंबे समय तक इंतज़ार करने के बाद तुर्की ने अपना मन बदला और कहा कि ठीक है, लड़ाकू विमानों को अपनी ज़मीन से उड़ान भरने दें.""",0.77
HIN-test-00428,"""चुने जाने के बाद, एर्दोगन ने कहा कि तुर्की इराक में अपनी भूमिका पर अमेरिका से आश्वासन चाहता है।""
""लोगों द्वारा नेता चुने जाने के बाद एर्दोगन ने कहा कि तुर्की यह सुनिश्चित करना चाहता है कि अमेरिका इराक में उनकी जिम्मेदारियों के साथ उनकी मदद और समर्थन करेगा।""",0.92
HIN-dev-00249,"""डिजिटल डेटा सेंटर पार्क के लिये नयी नीति का प्रस्ताव, भारतनेट के लिए 6,000 करोड़ रुपए का प्रावधान""
""सरकार देशभर में डेटा सेंटर पार्क के लिए नीति लाएगी।""",0.59
HIN-dev-00209,"""इस सूची में पहले से 40 संगठन मौजूद है।""
""तहरीके मुजाहिदीन 41वां संगठन बन गया है।""",0.62
HIN-dev-00274,"""फिलहाल पुलिस गिरोह से पूछताछ कर रही है।""
""वहीं शनिवार को पुलिस की एक टीम द्वारा इलाके के मुख्य मार्गो के सीसीटीवी फुटेज खंगाले।""",0.47
HIN-test-00453,"""यह ध्वस्त जॉर्जिया के खिलाफ साइबर युद्ध मुहिम के संकेत हैं।""
""ये संकेत बताते हैं कि इंटरनेट पर जॉर्जिया के खिलाफ युद्ध चल रहा है, जो एक ऐसी जगह है जो अच्छा नहीं कर रही है।""",0.66
HIN-test-00341,"""कुंभ इस बार होगा अलग, योगी ने स्वच्छता को लेकर बनाई बड़ी कार्ययोजना""
""उत्तर प्रदेश में अगले साल 2019 के शुरुआत में कुंभ मेले का आयोजन होने जा रहा है।""",0.81
HIN-test-00458,"""इस वजह से पेट्रोल डीजल के दाम बढ़ने की आशंका जाहिर की जा रही है।""
""' इस फिल्म की डबिंग के वक्त भी वॉइस एक्सपर्ट इमरान हाशमी के साथ होंगे।""",0.15
HIN-test-00850,"""उत्तर भारत में तपिश व उमस की दोहरी मार, तीन की मौत""
""रविवार से सावन शुरू होने वाला है लेकिन मानसून के पहुंचने के बाद भी बारिश का अता-पता नहीं है।""",0.5
HIN-test-00692,"""श्रद्धा और अर्जुन की इस फिल्म का ट्रेलर भी लॉन्च हो गया है।""
""चेतन भगत के नॉवेल पर बनी इस फिल्म को निर्देशित किया है मोहित सूरी ने।""",0.54
HIN-test-00466,""""" इसका मतलब यह हुआ कि अगले टेस्ट मैच में टीम इंडिया तीन बदलावों के साथ उतरेगी।""
""हम इस टीम को नई ऊंचाइयां छूते हुए देखेंगे।""",0.61
HIN-dev-00129,"""शांतिपूर्ण वर्षों में, हंगामा खड़ा करने से उन सभी लोगों पे प्रभाव नहीं पड़ता जो युद्ध के समय में सहयोग देते है ...""
""जब सभी मिलजुल कर रहते हैं और कोई लड़ाई नहीं होती है, तो लड़ाई के दौरान साथ काम करने वालों को परेशानी नहीं होती है।""",0.83
HIN-dev-00239,"""यही नहीं पुलिस ने उनके परिवार वालो को थाने भी बुलवाया।""
""इस कारण मुबंई पुलिस की काफी निंदा भी की जा रही है।""",0.45
HIN-test-00952,"""इसको लेकर इरफ़ान खान ने पूरी मीडिया का धन्यवाद कुछ इस अंदाज में किया।""
""दरअसल, फिल्म कारवां का प्रेश शो हाल ही में हुआ जिसमें पत्रकारों ने फिल्म देखी।""",0.37
HIN-test-00182,"""दरअसल गुरुवार सुबह 11 बजे गाजीपुर से किसान नेशनल हाईवे-24 से होकर डासना से पेरिफेरल एक्सप्रेसवे से पलवल पहुंचे।""
""हालांकि इस मार्च को देखते हुए पुलिस प्रसाशन भी सख्त दिखा।""",0.31
HIN-dev-00215,"""पांचवां कॉलम कम्युनिस्ट पार्टी में निहित स्वार्थ वाले लोगों को डरा देगा, यह एक अच्छी चीज़ है।""
""पाँचवाँ स्तंभ उन लोगों को भयभीत कर देगा जो वास्तव में कम्युनिस्ट पार्टी को पसंद करते हैं, और यह एक अच्छी बात है।""",0.88
HIN-test-00016,"""नकोदर -जंडियाला मार्ग पर गांव सरीर नजदीक पीआरटीसी बस और इंडिका कार में भयानक टक्कर हो गई।""
""इस हादसे में दादी पोते समेत 3 व्यक्तियों की मौत हो गई।""",0.65
HIN-test-00596,"""इस सबके बाद विदेश में खादी के प्रचार पर नए सिरे से काम शुरू हुआ।""
""विदेश में इस तरह के स्टोर खोलने को लेकर आयोग को निर्देश जारी कर दिए गए हैं।""",0.65
HIN-dev-00153,"""पुलिस के मुताबिक 26 वर्षीय पीड़िता डूंगरपुर की रहने वाली है।""
""पुलिस को मुखबीर से चरस के बारे में सूचना मिली थी।""",0.33
HIN-test-00679,"""साथ ही यूके के प्रमुख मेडिकल कालेज में दाखिले की संभावना भी बढ़ गयी।""
""उन्होंने कहा, विश्व कप में टीम जिस तरह से खेली, उससे भारतीय फैन को खुश होना चाहिए।""",0.06
HIN-test-00946,"""इससे पहले दोनों विंबलडन-2014 में भिड़ी थीं, जिसमें बुचार्ड की जीत हुई थी।""
""बिजनेस सेक्शन की अन्य खबरों के लिए यहां क्लिक करें""",0.17
HIN-test-00360,"""दोपहर करीब 4 बजे राजकुमार को संभालने पर उसकी मौत होने का पता चला।""
""घायल प्रमोद के अनुसार बुधवार सुबह उसकी मम्मी का प्रेमी राजू घर पर आया हुआ था।""",0.34
HIN-test-00225,"""ਪੰਜਾਬੀ ਵਿਚ ਖ਼ਬਰਾਂ ਪੜ੍ਹਨ ਲਈ ਇੱਥੇ ਕਲਿੱਕ ਕਰੋ!""
""फिलहाल पुलिस ने बिना मामला दर्ज किए बदमाशों की तलाश शुरू कर दी है।""",0.06
HIN-dev-00031,"""खेर ने अपनी याचिका में कोर्ट से मामला निरस्त करने की मांग की है।""
""सुनंदा मौत की जांच एनआइए से कराने की मांग""",0.16
HIN-test-00931,"""इस फिल्म में उनके साथ सुपरस्टार आमिर खान भी मुख्य किरदार निभाते हुए नजर आएंगे।""
""मैं पहली फिल्म के साथ शानदार कंटेंट का हिस्सा बनने जा रही हूं।""",0.54
HIN-test-00748,"""दूसरे और आखिरी दौर में 86 फीसदी मतदान""
""मणिपुर विधानसभा चुनाव के दूसरे और आखिरी चरण में करीब 86 प्रतिशत लोगों ने अपने मताधिकार का प्रयोग किया।""",0.69
HIN-test-00131,"""उन्होंने इस क्रम में दिग्गज खिलाड़ी कपिल देव को पछाड़ा है।""
""यहां 2014 में 14 पत्रकारों की हत्या की गई थी।""",0.1
HIN-test-00732,"""तीन मई के बाद भी नहीं मिलेगी पूरी छूट, गृह मंत्रालय जारी करेगी नई गाइडलाइन""
""यदि आप सोच रहे हैं कि 3 मई के बाद लॉकडाउन खत्म हो जाएगा तो ऐसा मुश्किल है।""",0.64
HIN-test-00560,"""जब उससे पूछताछ की गई तो वह संतोषजनक जबाव नहीं दे सका।""
""इस पर कट्टे की तलाशी ली गई तो उसमें 20 किलो गांजा मिला।""",0.44
HIN-test-00220,"""रश्मि अपनी दो फिल्मों ‘ङ्क्षपंक’ और ‘डेज ऑफ टाफ्री’ की रिलीज की तैयारी कर रही हैं।""
""फिर पूजा अर्चना की गई ।""",0.21
HIN-dev-00254,"""परमाणु आपूर्तिकर्ता समूह डेटा को निजी रखता है और बड़े पैमाने पर गुप्त रूप से सम्मलेन करता है।""
""परमाणु आपूर्तिकर्ता समूह जानकारी गुप्त रखता है और निजी बैठकें करता है।""",0.86
HIN-test-00279,"""उन्होंने इससे पहले ट्यूनीशिया की नादिया बेन अजीजी को 15-3 से हराकर दूसरे दौर में प्रवेश किया था।""
""ब्रिसबेन में खेले गए आखिरी टेस्ट मैच में उन्होंने 89 रन की नाबाद पारी खेलेकर टीम को जिताया था।""",0.29
HIN-test-00683,"""दोनों की गोवा से तस्वीर सोशल मीडिया पर खूब वायरल हो रही है।""
""कार्तिक आर्यन और जान्हवी कपूर गोवा के एक बिस्त्रो में नजर आए।""",0.65
HIN-test-00753,"""रिपोर्ट के अनुसार इस कानून के चलते महिलाओं को नई नौकरी मिलना खासा मुश्किल हो गया है।""
""इसके बाद मंत्रिसमूह ने नई सिफारिश की है।""",0.43
